
DETelastic = [
    1    1    1    1    1    1    1    1    1    1  4.33470E+14 0.00098 
];


DETcapture = [
    1    1    1    1    1    1    1    1    1    1  4.59466E+12 0.00106 
];


DETfission = [
    1    1    1    1    1    1    1    1    1    1  6.16697E+12 0.00000 
];


DETcapturefuel = [
    1    1    1    1    1    1    1    1    1    1  3.19473E+12 0.00136 
];


DETRadialFission = [
    1    1    1    1    1    1    1    1    1    1  1.71585E+08 0.19721 
    2    1    1    1    1    1    1    1    1    2  4.94257E+08 0.13028 
    3    1    1    1    1    1    1    1    1    3  7.00443E+08 0.11184 
    4    1    1    1    1    1    1    1    1    4  1.11010E+09 0.07847 
    5    1    1    1    1    1    1    1    1    5  1.32350E+09 0.08175 
    6    1    1    1    1    1    1    1    1    6  1.49347E+09 0.07522 
    7    1    1    1    1    1    1    1    1    7  1.85818E+09 0.06131 
    8    1    1    1    1    1    1    1    1    8  2.42710E+09 0.06096 
    9    1    1    1    1    1    1    1    1    9  2.40718E+09 0.05894 
   10    1    1    1    1    1    1    1    1   10  3.15481E+09 0.05728 
   11    1    1    1    1    1    1    1    1   11  3.06244E+09 0.04802 
   12    1    1    1    1    1    1    1    1   12  3.08360E+09 0.04866 
   13    1    1    1    1    1    1    1    1   13  3.70425E+09 0.04865 
   14    1    1    1    1    1    1    1    1   14  3.99591E+09 0.04381 
   15    1    1    1    1    1    1    1    1   15  3.88537E+09 0.04298 
   16    1    1    1    1    1    1    1    1   16  4.16574E+09 0.04144 
   17    1    1    1    1    1    1    1    1   17  4.70151E+09 0.04374 
   18    1    1    1    1    1    1    1    1   18  5.22188E+09 0.03802 
   19    1    1    1    1    1    1    1    1   19  5.54969E+09 0.03505 
   20    1    1    1    1    1    1    1    1   20  5.69086E+09 0.02813 
   21    1    1    1    1    1    1    1    1   21  6.08619E+09 0.03653 
   22    1    1    1    1    1    1    1    1   22  6.32685E+09 0.03625 
   23    1    1    1    1    1    1    1    1   23  6.50660E+09 0.03392 
   24    1    1    1    1    1    1    1    1   24  6.86396E+09 0.03249 
   25    1    1    1    1    1    1    1    1   25  7.31337E+09 0.02937 
   26    1    1    1    1    1    1    1    1   26  7.51272E+09 0.03222 
   27    1    1    1    1    1    1    1    1   27  7.82379E+09 0.03212 
   28    1    1    1    1    1    1    1    1   28  8.06932E+09 0.03187 
   29    1    1    1    1    1    1    1    1   29  8.09636E+09 0.03306 
   30    1    1    1    1    1    1    1    1   30  8.75845E+09 0.02977 
   31    1    1    1    1    1    1    1    1   31  8.83343E+09 0.02829 
   32    1    1    1    1    1    1    1    1   32  9.62903E+09 0.02606 
   33    1    1    1    1    1    1    1    1   33  9.26916E+09 0.02664 
   34    1    1    1    1    1    1    1    1   34  9.70508E+09 0.02867 
   35    1    1    1    1    1    1    1    1   35  1.00405E+10 0.02533 
   36    1    1    1    1    1    1    1    1   36  1.06539E+10 0.02371 
   37    1    1    1    1    1    1    1    1   37  1.00541E+10 0.03284 
   38    1    1    1    1    1    1    1    1   38  1.09726E+10 0.02607 
   39    1    1    1    1    1    1    1    1   39  1.11835E+10 0.02481 
   40    1    1    1    1    1    1    1    1   40  1.16487E+10 0.02756 
   41    1    1    1    1    1    1    1    1   41  1.17953E+10 0.02668 
   42    1    1    1    1    1    1    1    1   42  1.20278E+10 0.02729 
   43    1    1    1    1    1    1    1    1   43  1.20975E+10 0.02581 
   44    1    1    1    1    1    1    1    1   44  1.25061E+10 0.02149 
   45    1    1    1    1    1    1    1    1   45  1.32836E+10 0.02721 
   46    1    1    1    1    1    1    1    1   46  1.32280E+10 0.02465 
   47    1    1    1    1    1    1    1    1   47  1.35866E+10 0.02175 
   48    1    1    1    1    1    1    1    1   48  1.34368E+10 0.02093 
   49    1    1    1    1    1    1    1    1   49  1.43965E+10 0.02505 
   50    1    1    1    1    1    1    1    1   50  1.45939E+10 0.02316 
   51    1    1    1    1    1    1    1    1   51  1.41009E+10 0.02441 
   52    1    1    1    1    1    1    1    1   52  1.56523E+10 0.02034 
   53    1    1    1    1    1    1    1    1   53  1.55761E+10 0.02134 
   54    1    1    1    1    1    1    1    1   54  1.65843E+10 0.02344 
   55    1    1    1    1    1    1    1    1   55  1.59471E+10 0.02159 
   56    1    1    1    1    1    1    1    1   56  1.69316E+10 0.02275 
   57    1    1    1    1    1    1    1    1   57  1.71566E+10 0.02197 
   58    1    1    1    1    1    1    1    1   58  1.69099E+10 0.02078 
   59    1    1    1    1    1    1    1    1   59  1.71169E+10 0.02161 
   60    1    1    1    1    1    1    1    1   60  1.76692E+10 0.02115 
   61    1    1    1    1    1    1    1    1   61  1.83400E+10 0.02205 
   62    1    1    1    1    1    1    1    1   62  1.81945E+10 0.02141 
   63    1    1    1    1    1    1    1    1   63  1.83629E+10 0.02241 
   64    1    1    1    1    1    1    1    1   64  1.83922E+10 0.02266 
   65    1    1    1    1    1    1    1    1   65  1.96775E+10 0.02116 
   66    1    1    1    1    1    1    1    1   66  1.92302E+10 0.02230 
   67    1    1    1    1    1    1    1    1   67  2.02311E+10 0.01962 
   68    1    1    1    1    1    1    1    1   68  2.00541E+10 0.02009 
   69    1    1    1    1    1    1    1    1   69  1.94402E+10 0.01847 
   70    1    1    1    1    1    1    1    1   70  2.02047E+10 0.02168 
   71    1    1    1    1    1    1    1    1   71  2.05573E+10 0.01846 
   72    1    1    1    1    1    1    1    1   72  2.04593E+10 0.01954 
   73    1    1    1    1    1    1    1    1   73  2.15258E+10 0.02075 
   74    1    1    1    1    1    1    1    1   74  2.20328E+10 0.01838 
   75    1    1    1    1    1    1    1    1   75  2.18362E+10 0.01679 
   76    1    1    1    1    1    1    1    1   76  2.27040E+10 0.01745 
   77    1    1    1    1    1    1    1    1   77  2.21682E+10 0.01830 
   78    1    1    1    1    1    1    1    1   78  2.29811E+10 0.01726 
   79    1    1    1    1    1    1    1    1   79  2.25158E+10 0.01718 
   80    1    1    1    1    1    1    1    1   80  2.29704E+10 0.01797 
   81    1    1    1    1    1    1    1    1   81  2.44183E+10 0.01988 
   82    1    1    1    1    1    1    1    1   82  2.36924E+10 0.01716 
   83    1    1    1    1    1    1    1    1   83  2.44853E+10 0.01771 
   84    1    1    1    1    1    1    1    1   84  2.50238E+10 0.01718 
   85    1    1    1    1    1    1    1    1   85  2.43941E+10 0.01912 
   86    1    1    1    1    1    1    1    1   86  2.47763E+10 0.01853 
   87    1    1    1    1    1    1    1    1   87  2.62609E+10 0.01559 
   88    1    1    1    1    1    1    1    1   88  2.63851E+10 0.01735 
   89    1    1    1    1    1    1    1    1   89  2.62987E+10 0.01741 
   90    1    1    1    1    1    1    1    1   90  2.68030E+10 0.01759 
   91    1    1    1    1    1    1    1    1   91  2.73268E+10 0.01702 
   92    1    1    1    1    1    1    1    1   92  2.73928E+10 0.01846 
   93    1    1    1    1    1    1    1    1   93  2.79377E+10 0.01616 
   94    1    1    1    1    1    1    1    1   94  2.74565E+10 0.01748 
   95    1    1    1    1    1    1    1    1   95  2.82370E+10 0.01641 
   96    1    1    1    1    1    1    1    1   96  2.76590E+10 0.01679 
   97    1    1    1    1    1    1    1    1   97  2.85415E+10 0.01507 
   98    1    1    1    1    1    1    1    1   98  2.92299E+10 0.01574 
   99    1    1    1    1    1    1    1    1   99  2.89544E+10 0.01516 
  100    1    1    1    1    1    1    1    1  100  2.95481E+10 0.01687 
  101    1    1    1    1    1    1    1    1  101  3.01763E+10 0.01539 
  102    1    1    1    1    1    1    1    1  102  3.04830E+10 0.01498 
  103    1    1    1    1    1    1    1    1  103  3.11400E+10 0.01539 
  104    1    1    1    1    1    1    1    1  104  3.11737E+10 0.01674 
