HIS_TIME = [
   1  2.40200E+00
   2  3.14100E+00
   3  3.48700E+00
   4  3.84000E+00
   5  4.18600E+00
   6  4.46700E+00
   7  4.81500E+00
   8  5.11200E+00
   9  5.37200E+00
  10  5.65400E+00
  11  5.92000E+00
  12  6.17900E+00
  13  6.47100E+00
  14  6.73900E+00
  15  7.01100E+00
  16  7.29700E+00
  17  7.64200E+00
  18  7.91000E+00
  19  8.21000E+00
  20  8.49600E+00

% ----- Begin active cycles -----

   1  9.00000E+00
   2  9.40700E+00
   3  9.86200E+00
   4  1.02510E+01
   5  1.06170E+01
   6  1.10000E+01
   7  1.13750E+01
   8  1.17420E+01
   9  1.21120E+01
  10  1.24830E+01
  11  1.28580E+01
  12  1.32350E+01
  13  1.36050E+01
  14  1.40090E+01
  15  1.43670E+01
  16  1.47370E+01
  17  1.51140E+01
  18  1.55090E+01
  19  1.58740E+01
  20  1.62520E+01
  21  1.66150E+01
  22  1.69970E+01
  23  1.73710E+01
  24  1.77630E+01
  25  1.81420E+01
  26  1.85120E+01
  27  1.88730E+01
  28  1.93910E+01
  29  2.02290E+01
  30  2.06770E+01
  31  2.11210E+01
  32  2.16390E+01
  33  2.22020E+01
  34  2.30520E+01
  35  2.36610E+01
  36  2.42580E+01
  37  2.54470E+01
  38  2.62530E+01
  39  2.66710E+01
  40  2.70610E+01
  41  2.74500E+01
  42  2.78480E+01
  43  2.82380E+01
  44  2.86470E+01
  45  2.90210E+01
  46  2.94200E+01
  47  2.98090E+01
  48  3.01770E+01
  49  3.05820E+01
  50  3.10090E+01
  51  3.13650E+01
  52  3.17440E+01
  53  3.21700E+01
  54  3.25320E+01
  55  3.29260E+01
  56  3.33100E+01
  57  3.36850E+01
  58  3.40490E+01
  59  3.44110E+01
  60  3.48000E+01
  61  3.51950E+01
  62  3.56020E+01
  63  3.60010E+01
  64  3.64020E+01
  65  3.68200E+01
  66  3.72190E+01
  67  3.76180E+01
  68  3.80260E+01
  69  3.84310E+01
  70  3.88260E+01
  71  3.92220E+01
  72  3.96550E+01
  73  4.00520E+01
  74  4.04570E+01
  75  4.08770E+01
  76  4.12590E+01
  77  4.16800E+01
  78  4.20970E+01
  79  4.25040E+01
  80  4.29080E+01
  81  4.33290E+01
  82  4.37510E+01
  83  4.41560E+01
  84  4.46290E+01
  85  4.51390E+01
  86  4.57630E+01
  87  4.62440E+01
  88  4.66760E+01
  89  4.70900E+01
  90  4.74940E+01
  91  4.78980E+01
  92  4.83470E+01
  93  4.88950E+01
  94  4.94650E+01
  95  4.99930E+01
  96  5.05230E+01
  97  5.10050E+01
  98  5.14470E+01
  99  5.19800E+01
];

HIS_IMP_KEFF = [
   1  1.40607E+00 1.40607E+00 0.00000  
   2  1.39804E+00 1.40205E+00 0.00287  
   3  1.40148E+00 1.40186E+00 0.00166  
   4  1.40213E+00 1.40193E+00 0.00117  
   5  1.39990E+00 1.40152E+00 0.00096  
   6  1.41394E+00 1.40359E+00 0.00167  
   7  1.40232E+00 1.40341E+00 0.00142  
   8  1.39771E+00 1.40270E+00 0.00133  
   9  1.40084E+00 1.40249E+00 0.00118  
  10  1.40032E+00 1.40227E+00 0.00107  
  11  1.41559E+00 1.40348E+00 0.00129  
  12  1.39205E+00 1.40253E+00 0.00136  
  13  1.40599E+00 1.40280E+00 0.00127  
  14  1.40309E+00 1.40282E+00 0.00117  
  15  1.40925E+00 1.40325E+00 0.00113  
  16  1.41640E+00 1.40407E+00 0.00121  
  17  1.41617E+00 1.40478E+00 0.00125  
  18  1.39474E+00 1.40422E+00 0.00124  
  19  1.40332E+00 1.40418E+00 0.00117  
  20  1.40633E+00 1.40428E+00 0.00112  

% ----- Begin active cycles -----

   1  1.39039E+00 1.39039E+00 0.00000  
   2  1.39642E+00 1.39341E+00 0.00217  
   3  1.40938E+00 1.39873E+00 0.00401  
   4  1.41181E+00 1.40200E+00 0.00366  
   5  1.40419E+00 1.40244E+00 0.00285  
   6  1.40235E+00 1.40242E+00 0.00233  
   7  1.40162E+00 1.40231E+00 0.00197  
   8  1.39769E+00 1.40173E+00 0.00176  
   9  1.41421E+00 1.40312E+00 0.00184  
  10  1.39687E+00 1.40249E+00 0.00170  
  11  1.39588E+00 1.40189E+00 0.00160  
  12  1.40445E+00 1.40211E+00 0.00147  
  13  1.41042E+00 1.40275E+00 0.00142  
  14  1.40472E+00 1.40289E+00 0.00132  
  15  1.40541E+00 1.40305E+00 0.00124  
  16  1.39483E+00 1.40254E+00 0.00121  
  17  1.40442E+00 1.40265E+00 0.00114  
  18  1.40259E+00 1.40265E+00 0.00108  
  19  1.39419E+00 1.40220E+00 0.00107  
  20  1.40912E+00 1.40255E+00 0.00104  
  21  1.40971E+00 1.40289E+00 0.00102  
  22  1.40424E+00 1.40295E+00 0.00097  
  23  1.40991E+00 1.40325E+00 0.00096  
  24  1.42050E+00 1.40397E+00 0.00105  
  25  1.40827E+00 1.40414E+00 0.00101  
  26  1.39835E+00 1.40392E+00 0.00099  
  27  1.40573E+00 1.40399E+00 0.00095  
  28  1.40165E+00 1.40390E+00 0.00092  
  29  1.40413E+00 1.40391E+00 0.00088  
  30  1.40920E+00 1.40409E+00 0.00086  
  31  1.40001E+00 1.40396E+00 0.00084  
  32  1.39922E+00 1.40381E+00 0.00082  
  33  1.40783E+00 1.40393E+00 0.00080  
  34  1.41254E+00 1.40418E+00 0.00080  
  35  1.40965E+00 1.40434E+00 0.00078  
  36  1.40273E+00 1.40430E+00 0.00076  
  37  1.39511E+00 1.40405E+00 0.00076  
  38  1.40201E+00 1.40399E+00 0.00074  
  39  1.41519E+00 1.40428E+00 0.00075  
  40  1.40906E+00 1.40440E+00 0.00074  
  41  1.40299E+00 1.40437E+00 0.00072  
  42  1.39566E+00 1.40416E+00 0.00072  
  43  1.42148E+00 1.40456E+00 0.00076  
  44  1.39969E+00 1.40445E+00 0.00074  
  45  1.40750E+00 1.40452E+00 0.00073  
  46  1.40972E+00 1.40463E+00 0.00072  
  47  1.41184E+00 1.40479E+00 0.00071  
  48  1.41397E+00 1.40498E+00 0.00071  
  49  1.41058E+00 1.40509E+00 0.00070  
  50  1.40418E+00 1.40507E+00 0.00068  
  51  1.40437E+00 1.40506E+00 0.00067  
  52  1.41378E+00 1.40523E+00 0.00067  
  53  1.39498E+00 1.40503E+00 0.00067  
  54  1.39921E+00 1.40493E+00 0.00066  
  55  1.40963E+00 1.40501E+00 0.00065  
  56  1.41254E+00 1.40515E+00 0.00065  
  57  1.41278E+00 1.40528E+00 0.00064  
  58  1.40095E+00 1.40520E+00 0.00063  
  59  1.40410E+00 1.40519E+00 0.00062  
  60  1.40844E+00 1.40524E+00 0.00061  
  61  1.41104E+00 1.40534E+00 0.00061  
  62  1.40844E+00 1.40539E+00 0.00060  
  63  1.41112E+00 1.40548E+00 0.00059  
  64  1.40494E+00 1.40547E+00 0.00058  
  65  1.40191E+00 1.40541E+00 0.00058  
  66  1.39381E+00 1.40524E+00 0.00058  
  67  1.39893E+00 1.40514E+00 0.00058  
  68  1.39310E+00 1.40497E+00 0.00058  
  69  1.40142E+00 1.40491E+00 0.00057  
  70  1.39972E+00 1.40484E+00 0.00057  
  71  1.41127E+00 1.40493E+00 0.00056  
  72  1.39344E+00 1.40477E+00 0.00057  
  73  1.40099E+00 1.40472E+00 0.00056  
  74  1.41356E+00 1.40484E+00 0.00056  
  75  1.39498E+00 1.40471E+00 0.00056  
  76  1.39863E+00 1.40463E+00 0.00056  
  77  1.39333E+00 1.40448E+00 0.00056  
  78  1.40638E+00 1.40451E+00 0.00055  
  79  1.40180E+00 1.40447E+00 0.00054  
  80  1.40167E+00 1.40444E+00 0.00054  
  81  1.41214E+00 1.40453E+00 0.00054  
  82  1.41339E+00 1.40464E+00 0.00054  
  83  1.39869E+00 1.40457E+00 0.00053  
  84  1.41223E+00 1.40466E+00 0.00053  
  85  1.41097E+00 1.40473E+00 0.00053  
  86  1.39545E+00 1.40463E+00 0.00052  
  87  1.40589E+00 1.40464E+00 0.00052  
  88  1.40552E+00 1.40465E+00 0.00051  
  89  1.40615E+00 1.40467E+00 0.00051  
  90  1.40294E+00 1.40465E+00 0.00050  
  91  1.39893E+00 1.40458E+00 0.00050  
  92  1.40233E+00 1.40456E+00 0.00049  
  93  1.40903E+00 1.40461E+00 0.00049  
  94  1.40668E+00 1.40463E+00 0.00048  
  95  1.40238E+00 1.40461E+00 0.00048  
  96  1.41031E+00 1.40467E+00 0.00048  
  97  1.40172E+00 1.40464E+00 0.00047  
  98  1.41251E+00 1.40472E+00 0.00047  
  99  1.40308E+00 1.40470E+00 0.00047  
];

