HIS_TIME = [
   1  2.67200E+00
   2  2.90400E+00
   3  3.32000E+00
   4  3.47600E+00
   5  3.79700E+00
   6  4.03500E+00
   7  4.15900E+00
   8  4.46200E+00
   9  4.95000E+00
  10  5.13500E+00
  11  5.44500E+00
  12  5.58900E+00
  13  5.78000E+00
  14  5.88800E+00
  15  6.03200E+00
  16  6.38400E+00
  17  6.46900E+00
  18  6.75800E+00
  19  6.90600E+00
  20  7.09100E+00

% ----- Begin active cycles -----

   1  7.21100E+00
   2  7.35900E+00
   3  7.60100E+00
   4  7.83600E+00
   5  8.21800E+00
   6  8.36000E+00
   7  8.77600E+00
   8  8.98900E+00
   9  9.21600E+00
  10  9.35400E+00
  11  9.64600E+00
  12  9.78100E+00
  13  1.01550E+01
  14  1.04050E+01
  15  1.08110E+01
  16  1.08930E+01
  17  1.11580E+01
  18  1.13110E+01
  19  1.19020E+01
  20  1.22840E+01
  21  1.25940E+01
  22  1.26980E+01
  23  1.30990E+01
  24  1.33400E+01
  25  1.35950E+01
  26  1.38250E+01
  27  1.41600E+01
  28  1.44050E+01
  29  1.46120E+01
  30  1.49480E+01
  31  1.51070E+01
  32  1.52310E+01
  33  1.53280E+01
  34  1.57290E+01
  35  1.60660E+01
  36  1.64710E+01
  37  1.66550E+01
  38  1.69370E+01
  39  1.72050E+01
  40  1.72860E+01
  41  1.74620E+01
  42  1.75870E+01
  43  1.77450E+01
  44  1.80780E+01
  45  1.81450E+01
  46  1.86020E+01
  47  1.89060E+01
  48  1.90850E+01
  49  1.94050E+01
  50  1.97820E+01
  51  1.99940E+01
  52  2.03670E+01
  53  2.07120E+01
  54  2.09430E+01
  55  2.12570E+01
  56  2.14680E+01
  57  2.17590E+01
  58  2.19710E+01
  59  2.22790E+01
];

HIS_IMP_KEFF = [
   1  1.16324E+00 1.16324E+00 0.00000  
   2  1.57802E+00 1.37063E+00 0.15131  
   3  1.37383E+00 1.37170E+00 0.08730  
   4  1.53984E+00 1.41374E+00 0.06687  
   5  1.31457E+00 1.39390E+00 0.05442  
   6  1.40599E+00 1.39592E+00 0.04440  
   7  1.56455E+00 1.42001E+00 0.04060  
   8  1.49444E+00 1.42931E+00 0.03553  
   9  1.23984E+00 1.40826E+00 0.03514  
  10  1.47226E+00 1.41466E+00 0.03162  
  11  1.39702E+00 1.41306E+00 0.02865  
  12  1.52313E+00 1.42223E+00 0.02678  
  13  1.41628E+00 1.42177E+00 0.02464  
  14  1.61119E+00 1.43530E+00 0.02449  
  15  1.47619E+00 1.43803E+00 0.02283  
  16  1.32420E+00 1.43091E+00 0.02203  
  17  1.59844E+00 1.44077E+00 0.02166  
  18  1.37796E+00 1.43728E+00 0.02061  
  19  1.58862E+00 1.44524E+00 0.02016  
  20  1.48023E+00 1.44699E+00 0.01914  

% ----- Begin active cycles -----

   1  1.55142E+00 1.55142E+00 0.00000  
   2  1.54148E+00 1.54645E+00 0.00321  
   3  1.48822E+00 1.52704E+00 0.01285  
   4  1.45871E+00 1.50996E+00 0.01457  
   5  1.42851E+00 1.49367E+00 0.01579  
   6  1.48847E+00 1.49280E+00 0.01291  
   7  1.38814E+00 1.47785E+00 0.01496  
   8  1.50171E+00 1.48083E+00 0.01309  
   9  1.43919E+00 1.47621E+00 0.01199  
  10  1.49153E+00 1.47774E+00 0.01077  
  11  1.50273E+00 1.48001E+00 0.00984  
  12  1.62941E+00 1.49246E+00 0.01221  
  13  1.47306E+00 1.49097E+00 0.01128  
  14  1.47498E+00 1.48983E+00 0.01048  
  15  1.33545E+00 1.47953E+00 0.01204  
  16  1.51953E+00 1.48203E+00 0.01137  
  17  1.41231E+00 1.47793E+00 0.01106  
  18  1.58555E+00 1.48391E+00 0.01114  
  19  1.20184E+00 1.46906E+00 0.01468  
  20  1.34674E+00 1.46295E+00 0.01460  
  21  1.30015E+00 1.45520E+00 0.01494  
  22  1.60700E+00 1.46210E+00 0.01494  
  23  1.41288E+00 1.45996E+00 0.01437  
  24  1.49508E+00 1.46142E+00 0.01378  
  25  1.52676E+00 1.46403E+00 0.01332  
  26  1.55597E+00 1.46757E+00 0.01299  
  27  1.44489E+00 1.46673E+00 0.01252  
  28  1.50144E+00 1.46797E+00 0.01208  
  29  1.48958E+00 1.46871E+00 0.01166  
  30  1.56158E+00 1.47181E+00 0.01144  
  31  1.50661E+00 1.47293E+00 0.01108  
  32  1.55916E+00 1.47563E+00 0.01087  
  33  1.60523E+00 1.47955E+00 0.01083  
  34  1.51406E+00 1.48057E+00 0.01053  
  35  1.46158E+00 1.48003E+00 0.01023  
  36  1.47195E+00 1.47980E+00 0.00994  
  37  1.45079E+00 1.47902E+00 0.00969  
  38  1.43773E+00 1.47793E+00 0.00947  
  39  1.44475E+00 1.47708E+00 0.00925  
  40  1.70448E+00 1.48277E+00 0.00976  
  41  1.52083E+00 1.48369E+00 0.00954  
  42  1.70949E+00 1.48907E+00 0.00995  
  43  1.62191E+00 1.49216E+00 0.00991  
  44  1.37390E+00 1.48947E+00 0.00987  
  45  1.54657E+00 1.49074E+00 0.00968  
  46  1.48703E+00 1.49066E+00 0.00947  
  47  1.48503E+00 1.49054E+00 0.00926  
  48  1.43626E+00 1.48941E+00 0.00911  
  49  1.42447E+00 1.48808E+00 0.00897  
  50  1.44055E+00 1.48713E+00 0.00882  
  51  1.50523E+00 1.48749E+00 0.00865  
  52  1.46958E+00 1.48714E+00 0.00848  
  53  1.49776E+00 1.48734E+00 0.00832  
  54  1.52837E+00 1.48810E+00 0.00818  
  55  1.51391E+00 1.48857E+00 0.00803  
  56  1.49768E+00 1.48874E+00 0.00789  
  57  1.48478E+00 1.48867E+00 0.00775  
  58  1.39046E+00 1.48697E+00 0.00771  
  59  1.42197E+00 1.48587E+00 0.00762  
];

