
DETneutron_flux_u5 = [
    1    1    1    1    1    1    1    1    1    1  1.12974E+16 0.00007 
];


DETneutron_flux_u8 = [
    1    1    1    1    1    1    1    1    1    1  1.00400E+15 0.00079 
];


DETneutron_flux_ox = [
    1    1    1    1    1    1    1    1    1    1  3.08736E+14 0.00071 
];


DETtotal_RR = [
    1    1    1    1    1    1    1    1    1    1  4.24404E+13 0.00060 
    2    1    1    1    1    1    2    1    1    1  1.12974E+16 0.00007 
    3    1    1    1    1    1    3    1    1    1  1.00400E+15 0.00079 
    4    1    1    1    1    1    4    1    1    1  4.63105E+14 0.00071 
    5    1    1    1    2    1    1    1    1    1  0.00000E+00 0.00000 
    6    1    1    1    2    1    2    1    1    1  0.00000E+00 0.00000 
    7    1    1    1    2    1    3    1    1    1  0.00000E+00 0.00000 
    8    1    1    1    2    1    4    1    1    1  0.00000E+00 0.00000 
    9    1    1    1    3    1    1    1    1    1  0.00000E+00 0.00000 
   10    1    1    1    3    1    2    1    1    1  0.00000E+00 0.00000 
   11    1    1    1    3    1    3    1    1    1  0.00000E+00 0.00000 
   12    1    1    1    3    1    4    1    1    1  0.00000E+00 0.00000 
   13    1    1    1    4    1    1    1    1    1  0.00000E+00 0.00000 
   14    1    1    1    4    1    2    1    1    1  0.00000E+00 0.00000 
   15    1    1    1    4    1    3    1    1    1  0.00000E+00 0.00000 
   16    1    1    1    4    1    4    1    1    1  0.00000E+00 0.00000 
];


DETtotal_FR = [
    1    1    1    1    1    1    1    1    1    1  6.16696E+12 0.00000 
    2    1    1    1    1    1    2    1    1    1  8.73006E+15 0.00006 
    3    1    1    1    1    1    3    1    1    1  8.76541E+12 0.00167 
    4    1    1    1    2    1    1    1    1    1  0.00000E+00 0.00000 
    5    1    1    1    2    1    2    1    1    1  0.00000E+00 0.00000 
    6    1    1    1    2    1    3    1    1    1  0.00000E+00 0.00000 
    7    1    1    1    3    1    1    1    1    1  0.00000E+00 0.00000 
    8    1    1    1    3    1    2    1    1    1  0.00000E+00 0.00000 
    9    1    1    1    3    1    3    1    1    1  0.00000E+00 0.00000 
];


DETtotal_CR = [
    1    1    1    1    1    1    1    1    1    1  3.20319E+12 0.00072 
    2    1    1    1    1    1    2    1    1    1  1.66982E+15 0.00024 
    3    1    1    1    1    1    3    1    1    1  1.15329E+14 0.00156 
    4    1    1    1    1    1    4    1    1    1  3.54041E+11 0.00491 
    5    1    1    1    2    1    1    1    1    1  0.00000E+00 0.00000 
    6    1    1    1    2    1    2    1    1    1  0.00000E+00 0.00000 
    7    1    1    1    2    1    3    1    1    1  0.00000E+00 0.00000 
    8    1    1    1    2    1    4    1    1    1  0.00000E+00 0.00000 
    9    1    1    1    3    1    1    1    1    1  0.00000E+00 0.00000 
   10    1    1    1    3    1    2    1    1    1  0.00000E+00 0.00000 
   11    1    1    1    3    1    3    1    1    1  0.00000E+00 0.00000 
   12    1    1    1    3    1    4    1    1    1  0.00000E+00 0.00000 
   13    1    1    1    4    1    1    1    1    1  0.00000E+00 0.00000 
   14    1    1    1    4    1    2    1    1    1  0.00000E+00 0.00000 
   15    1    1    1    4    1    3    1    1    1  0.00000E+00 0.00000 
   16    1    1    1    4    1    4    1    1    1  0.00000E+00 0.00000 
];


DETcapture_102 = [
    1    1    1    1    1    1    1    1    1    1  9.98140E+01 0.00077 
    2    1    1    1    1    1    2    1    1    1  1.00210E-01 0.00133 
    3    1    1    1    1    1    3    1    1    1  1.90915E+01 0.00075 
    4    1    1    1    1    1    4    1    1    1  1.31854E+00 0.00148 
    5    1    1    1    1    1    5    1    1    1  3.39283E-05 0.00075 
];


DETflux_fuel = [
    1    1    1    1    1    1    1    1    1    1  8.74683E+13 0.00074 
];


DETtotal_flux = [
    1    1    1    1    1    1    1    1    1    1  3.87884E+14 0.00062 
];


DETelastic = [
    1    1    1    1    1    1    1    1    1    1  4.33785E+14 0.00059 
];


DETcapture = [
    1    1    1    1    1    1    1    1    1    1  4.60534E+12 0.00055 
];


DETfission = [
    1    1    1    1    1    1    1    1    1    1  6.16696E+12 0.00000 
];


DETcapturefuel = [
    1    1    1    1    1    1    1    1    1    1  3.20319E+12 0.00072 
];


DETfissionfuel = [
    1    1    1    1    1    1    1    1    1    1  6.16696E+12 0.00000 
];


