
DETEnergyDetector = [
    1    1    1    1    1    1    1    1    1    1  0.00000E+00 0.00000 
    2    2    1    1    1    1    1    1    1    1  0.00000E+00 0.00000 
    3    3    1    1    1    1    1    1    1    1  0.00000E+00 0.00000 
    4    4    1    1    1    1    1    1    1    1  3.53919E+12 1.00000 
    5    5    1    1    1    1    1    1    1    1  0.00000E+00 0.00000 
    6    6    1    1    1    1    1    1    1    1  0.00000E+00 0.00000 
    7    7    1    1    1    1    1    1    1    1  0.00000E+00 0.00000 
    8    8    1    1    1    1    1    1    1    1  0.00000E+00 0.00000 
    9    9    1    1    1    1    1    1    1    1  0.00000E+00 0.00000 
   10   10    1    1    1    1    1    1    1    1  0.00000E+00 0.00000 
   11   11    1    1    1    1    1    1    1    1  0.00000E+00 0.00000 
   12   12    1    1    1    1    1    1    1    1  0.00000E+00 0.00000 
   13   13    1    1    1    1    1    1    1    1  0.00000E+00 0.00000 
   14   14    1    1    1    1    1    1    1    1  0.00000E+00 0.00000 
   15   15    1    1    1    1    1    1    1    1  0.00000E+00 0.00000 
   16   16    1    1    1    1    1    1    1    1  4.83296E+12 1.00000 
   17   17    1    1    1    1    1    1    1    1  0.00000E+00 0.00000 
   18   18    1    1    1    1    1    1    1    1  0.00000E+00 0.00000 
   19   19    1    1    1    1    1    1    1    1  0.00000E+00 0.00000 
   20   20    1    1    1    1    1    1    1    1  0.00000E+00 0.00000 
   21   21    1    1    1    1    1    1    1    1  5.53181E+12 1.00000 
   22   22    1    1    1    1    1    1    1    1  0.00000E+00 0.00000 
   23   23    1    1    1    1    1    1    1    1  0.00000E+00 0.00000 
   24   24    1    1    1    1    1    1    1    1  0.00000E+00 0.00000 
   25   25    1    1    1    1    1    1    1    1  0.00000E+00 0.00000 
   26   26    1    1    1    1    1    1    1    1  0.00000E+00 0.00000 
   27   27    1    1    1    1    1    1    1    1  0.00000E+00 0.00000 
   28   28    1    1    1    1    1    1    1    1  0.00000E+00 0.00000 
   29   29    1    1    1    1    1    1    1    1  6.92306E+12 1.00000 
   30   30    1    1    1    1    1    1    1    1  0.00000E+00 0.00000 
   31   31    1    1    1    1    1    1    1    1  0.00000E+00 0.00000 
   32   32    1    1    1    1    1    1    1    1  0.00000E+00 0.00000 
   33   33    1    1    1    1    1    1    1    1  0.00000E+00 0.00000 
   34   34    1    1    1    1    1    1    1    1  0.00000E+00 0.00000 
   35   35    1    1    1    1    1    1    1    1  1.64845E+13 0.70354 
   36   36    1    1    1    1    1    1    1    1  0.00000E+00 0.00000 
   37   37    1    1    1    1    1    1    1    1  0.00000E+00 0.00000 
   38   38    1    1    1    1    1    1    1    1  0.00000E+00 0.00000 
   39   39    1    1    1    1    1    1    1    1  0.00000E+00 0.00000 
   40   40    1    1    1    1    1    1    1    1  0.00000E+00 0.00000 
   41   41    1    1    1    1    1    1    1    1  9.92179E+12 1.00000 
   42   42    1    1    1    1    1    1    1    1  0.00000E+00 0.00000 
   43   43    1    1    1    1    1    1    1    1  1.06200E+13 1.00000 
   44   44    1    1    1    1    1    1    1    1  1.07481E+13 1.00000 
   45   45    1    1    1    1    1    1    1    1  0.00000E+00 0.00000 
   46   46    1    1    1    1    1    1    1    1  1.10951E+13 1.00000 
   47   47    1    1    1    1    1    1    1    1  1.15597E+13 1.00000 
   48   48    1    1    1    1    1    1    1    1  1.18341E+13 1.00000 
   49   49    1    1    1    1    1    1    1    1  0.00000E+00 0.00000 
   50   50    1    1    1    1    1    1    1    1  0.00000E+00 0.00000 
   51   51    1    1    1    1    1    1    1    1  1.31166E+13 1.00000 
   52   52    1    1    1    1    1    1    1    1  0.00000E+00 0.00000 
   53   53    1    1    1    1    1    1    1    1  0.00000E+00 0.00000 
   54   54    1    1    1    1    1    1    1    1  5.74420E+13 0.49243 
   55   55    1    1    1    1    1    1    1    1  1.43872E+13 1.00000 
   56   56    1    1    1    1    1    1    1    1  2.97159E+13 0.70353 
   57   57    1    1    1    1    1    1    1    1  1.20817E+14 0.88101 
   58   58    1    1    1    1    1    1    1    1  0.00000E+00 0.00000 
   59   59    1    1    1    1    1    1    1    1  6.46321E+13 0.49243 
   60   60    1    1    1    1    1    1    1    1  5.06771E+13 0.57149 
   61   61    1    1    1    1    1    1    1    1  6.80429E+13 0.49239 
   62   62    1    1    1    1    1    1    1    1  2.42697E+14 0.52672 
   63   63    1    1    1    1    1    1    1    1  1.25588E+14 0.41988 
   64   64    1    1    1    1    1    1    1    1  5.54817E+13 0.57153 
   65   65    1    1    1    1    1    1    1    1  1.14743E+14 0.39790 
   66   66    1    1    1    1    1    1    1    1  5.99579E+13 0.57159 
   67   67    1    1    1    1    1    1    1    1  1.97642E+14 0.71380 
   68   68    1    1    1    1    1    1    1    1  3.86696E+14 0.56104 
   69   69    1    1    1    1    1    1    1    1  3.76832E+14 0.41174 
   70   70    1    1    1    1    1    1    1    1  2.42921E+14 0.28592 
   71   71    1    1    1    1    1    1    1    1  2.46811E+14 0.34019 
   72   72    1    1    1    1    1    1    1    1  3.63467E+14 0.52016 
   73   73    1    1    1    1    1    1    1    1  2.16382E+14 0.35607 
   74   74    1    1    1    1    1    1    1    1  3.81953E+14 0.45494 
   75   75    1    1    1    1    1    1    1    1  5.98488E+14 0.33527 
   76   76    1    1    1    1    1    1    1    1  3.13290E+14 0.27222 
   77   77    1    1    1    1    1    1    1    1  4.73035E+14 0.41254 
   78   78    1    1    1    1    1    1    1    1  7.42010E+14 0.33503 
   79   79    1    1    1    1    1    1    1    1  1.50081E+16 0.10629 
   80   80    1    1    1    1    1    1    1    1  1.60438E+16 0.11288 
   81   81    1    1    1    1    1    1    1    1  8.77488E+15 0.14078 
   82   82    1    1    1    1    1    1    1    1  7.96044E+15 0.14105 
   83   83    1    1    1    1    1    1    1    1  1.18899E+16 0.13831 
   84   84    1    1    1    1    1    1    1    1  1.24934E+16 0.12933 
   85   85    1    1    1    1    1    1    1    1  1.04120E+16 0.13349 
   86   86    1    1    1    1    1    1    1    1  1.43654E+16 0.12958 
   87   87    1    1    1    1    1    1    1    1  1.11103E+16 0.14769 
   88   88    1    1    1    1    1    1    1    1  1.56342E+16 0.11235 
   89   89    1    1    1    1    1    1    1    1  1.92301E+16 0.10082 
   90   90    1    1    1    1    1    1    1    1  2.29642E+16 0.09646 
   91   91    1    1    1    1    1    1    1    1  2.85947E+16 0.08926 
   92   92    1    1    1    1    1    1    1    1  2.98480E+16 0.08857 
   93   93    1    1    1    1    1    1    1    1  3.52106E+16 0.10686 
   94   94    1    1    1    1    1    1    1    1  4.52686E+16 0.07918 
   95   95    1    1    1    1    1    1    1    1  1.23336E+17 0.06555 
   96   96    1    1    1    1    1    1    1    1  2.76518E+17 0.04377 
   97   97    1    1    1    1    1    1    1    1  4.79132E+16 0.10442 
   98   98    1    1    1    1    1    1    1    1  3.77258E+16 0.08870 
   99   99    1    1    1    1    1    1    1    1  5.72348E+16 0.08176 
  100  100    1    1    1    1    1    1    1    1  2.46490E+17 0.04612 
  101  101    1    1    1    1    1    1    1    1  1.23513E+17 0.05119 
  102  102    1    1    1    1    1    1    1    1  1.46435E+17 0.06042 
  103  103    1    1    1    1    1    1    1    1  2.66598E+17 0.04724 
  104  104    1    1    1    1    1    1    1    1  3.03265E+17 0.03991 
  105  105    1    1    1    1    1    1    1    1  1.87641E+17 0.05593 
  106  106    1    1    1    1    1    1    1    1  1.99425E+17 0.05150 
  107  107    1    1    1    1    1    1    1    1  2.14729E+17 0.05017 
  108  108    1    1    1    1    1    1    1    1  5.95207E+17 0.03107 
  109  109    1    1    1    1    1    1    1    1  8.01203E+17 0.02381 
