
DETEnergyDetector = [
    1    1    1    1    1    1    1    1    1    1  3.14278E+06 1.00000 
    2    2    1    1    1    1    1    1    1    1  0.00000E+00 0.00000 
    3    3    1    1    1    1    1    1    1    1  0.00000E+00 0.00000 
    4    4    1    1    1    1    1    1    1    1  0.00000E+00 0.00000 
    5    5    1    1    1    1    1    1    1    1  0.00000E+00 0.00000 
    6    6    1    1    1    1    1    1    1    1  0.00000E+00 0.00000 
    7    7    1    1    1    1    1    1    1    1  0.00000E+00 0.00000 
    8    8    1    1    1    1    1    1    1    1  0.00000E+00 0.00000 
    9    9    1    1    1    1    1    1    1    1  0.00000E+00 0.00000 
   10   10    1    1    1    1    1    1    1    1  0.00000E+00 0.00000 
   11   11    1    1    1    1    1    1    1    1  0.00000E+00 0.00000 
   12   12    1    1    1    1    1    1    1    1  0.00000E+00 0.00000 
   13   13    1    1    1    1    1    1    1    1  0.00000E+00 0.00000 
   14   14    1    1    1    1    1    1    1    1  0.00000E+00 0.00000 
   15   15    1    1    1    1    1    1    1    1  0.00000E+00 0.00000 
   16   16    1    1    1    1    1    1    1    1  0.00000E+00 0.00000 
   17   17    1    1    1    1    1    1    1    1  0.00000E+00 0.00000 
   18   18    1    1    1    1    1    1    1    1  0.00000E+00 0.00000 
   19   19    1    1    1    1    1    1    1    1  0.00000E+00 0.00000 
   20   20    1    1    1    1    1    1    1    1  5.54886E+06 1.00000 
   21   21    1    1    1    1    1    1    1    1  0.00000E+00 0.00000 
   22   22    1    1    1    1    1    1    1    1  0.00000E+00 0.00000 
   23   23    1    1    1    1    1    1    1    1  0.00000E+00 0.00000 
   24   24    1    1    1    1    1    1    1    1  0.00000E+00 0.00000 
   25   25    1    1    1    1    1    1    1    1  0.00000E+00 0.00000 
   26   26    1    1    1    1    1    1    1    1  0.00000E+00 0.00000 
   27   27    1    1    1    1    1    1    1    1  0.00000E+00 0.00000 
   28   28    1    1    1    1    1    1    1    1  0.00000E+00 0.00000 
   29   29    1    1    1    1    1    1    1    1  0.00000E+00 0.00000 
   30   30    1    1    1    1    1    1    1    1  0.00000E+00 0.00000 
   31   31    1    1    1    1    1    1    1    1  7.49482E+06 1.00000 
   32   32    1    1    1    1    1    1    1    1  0.00000E+00 0.00000 
   33   33    1    1    1    1    1    1    1    1  7.78521E+06 1.00000 
   34   34    1    1    1    1    1    1    1    1  0.00000E+00 0.00000 
   35   35    1    1    1    1    1    1    1    1  0.00000E+00 0.00000 
   36   36    1    1    1    1    1    1    1    1  0.00000E+00 0.00000 
   37   37    1    1    1    1    1    1    1    1  0.00000E+00 0.00000 
   38   38    1    1    1    1    1    1    1    1  9.26667E+06 1.00000 
   39   39    1    1    1    1    1    1    1    1  0.00000E+00 0.00000 
   40   40    1    1    1    1    1    1    1    1  0.00000E+00 0.00000 
   41   41    1    1    1    1    1    1    1    1  9.97223E+06 1.00000 
   42   42    1    1    1    1    1    1    1    1  0.00000E+00 0.00000 
   43   43    1    1    1    1    1    1    1    1  8.99492E+07 0.78696 
   44   44    1    1    1    1    1    1    1    1  2.13212E+07 0.70354 
   45   45    1    1    1    1    1    1    1    1  1.06550E+07 1.00000 
   46   46    1    1    1    1    1    1    1    1  0.00000E+00 0.00000 
   47   47    1    1    1    1    1    1    1    1  2.28094E+07 0.70354 
   48   48    1    1    1    1    1    1    1    1  1.19004E+07 1.00000 
   49   49    1    1    1    1    1    1    1    1  0.00000E+00 0.00000 
   50   50    1    1    1    1    1    1    1    1  1.27478E+07 1.00000 
   51   51    1    1    1    1    1    1    1    1  0.00000E+00 0.00000 
   52   52    1    1    1    1    1    1    1    1  2.65350E+07 0.70354 
   53   53    1    1    1    1    1    1    1    1  4.09535E+07 0.57150 
   54   54    1    1    1    1    1    1    1    1  1.40304E+07 1.00000 
   55   55    1    1    1    1    1    1    1    1  9.98059E+07 1.00000 
   56   56    1    1    1    1    1    1    1    1  1.17055E+08 0.88159 
   57   57    1    1    1    1    1    1    1    1  1.80044E+08 0.59445 
   58   58    1    1    1    1    1    1    1    1  3.14182E+07 0.70378 
   59   59    1    1    1    1    1    1    1    1  1.47485E+08 0.31962 
   60   60    1    1    1    1    1    1    1    1  1.98632E+08 0.60987 
   61   61    1    1    1    1    1    1    1    1  8.57670E+07 0.43813 
   62   62    1    1    1    1    1    1    1    1  1.23235E+08 0.36649 
   63   63    1    1    1    1    1    1    1    1  2.14345E+08 0.60653 
   64   64    1    1    1    1    1    1    1    1  0.00000E+00 0.00000 
   65   65    1    1    1    1    1    1    1    1  1.34397E+08 0.36635 
   66   66    1    1    1    1    1    1    1    1  1.76983E+08 0.31963 
   67   67    1    1    1    1    1    1    1    1  1.22770E+08 0.39786 
   68   68    1    1    1    1    1    1    1    1  1.83592E+08 0.78560 
   69   69    1    1    1    1    1    1    1    1  4.99541E+08 0.41892 
   70   70    1    1    1    1    1    1    1    1  2.00979E+08 0.31966 
   71   71    1    1    1    1    1    1    1    1  3.33228E+08 0.51841 
   72   72    1    1    1    1    1    1    1    1  3.23421E+08 0.52634 
   73   73    1    1    1    1    1    1    1    1  2.41020E+08 0.36397 
   74   74    1    1    1    1    1    1    1    1  9.77423E+07 0.49246 
   75   75    1    1    1    1    1    1    1    1  2.23557E+08 0.78724 
   76   76    1    1    1    1    1    1    1    1  4.63841E+08 0.41435 
   77   77    1    1    1    1    1    1    1    1  3.69081E+08 0.26947 
   78   78    1    1    1    1    1    1    1    1  5.99833E+08 0.34640 
   79   79    1    1    1    1    1    1    1    1  1.85563E+10 0.10308 
   80   80    1    1    1    1    1    1    1    1  1.65040E+10 0.10326 
   81   81    1    1    1    1    1    1    1    1  9.27865E+09 0.13513 
   82   82    1    1    1    1    1    1    1    1  1.04201E+10 0.13354 
   83   83    1    1    1    1    1    1    1    1  9.93391E+09 0.15458 
   84   84    1    1    1    1    1    1    1    1  1.20858E+10 0.13895 
   85   85    1    1    1    1    1    1    1    1  1.04081E+10 0.13245 
   86   86    1    1    1    1    1    1    1    1  1.24995E+10 0.11857 
   87   87    1    1    1    1    1    1    1    1  1.23368E+10 0.11618 
   88   88    1    1    1    1    1    1    1    1  1.51218E+10 0.13363 
   89   89    1    1    1    1    1    1    1    1  1.93890E+10 0.12100 
   90   90    1    1    1    1    1    1    1    1  1.90401E+10 0.11302 
   91   91    1    1    1    1    1    1    1    1  2.41309E+10 0.10376 
   92   92    1    1    1    1    1    1    1    1  3.71562E+10 0.08462 
   93   93    1    1    1    1    1    1    1    1  4.47287E+10 0.10718 
   94   94    1    1    1    1    1    1    1    1  4.18768E+10 0.09520 
   95   95    1    1    1    1    1    1    1    1  1.17387E+11 0.05972 
   96   96    1    1    1    1    1    1    1    1  2.63501E+11 0.04394 
   97   97    1    1    1    1    1    1    1    1  5.51396E+10 0.09649 
   98   98    1    1    1    1    1    1    1    1  5.05090E+10 0.08284 
   99   99    1    1    1    1    1    1    1    1  5.27060E+10 0.09161 
  100  100    1    1    1    1    1    1    1    1  2.51569E+11 0.04039 
  101  101    1    1    1    1    1    1    1    1  1.07241E+11 0.06872 
  102  102    1    1    1    1    1    1    1    1  1.32700E+11 0.05889 
  103  103    1    1    1    1    1    1    1    1  2.50290E+11 0.04819 
  104  104    1    1    1    1    1    1    1    1  3.03919E+11 0.03855 
  105  105    1    1    1    1    1    1    1    1  1.91843E+11 0.05381 
  106  106    1    1    1    1    1    1    1    1  1.85086E+11 0.05518 
  107  107    1    1    1    1    1    1    1    1  2.03795E+11 0.05057 
  108  108    1    1    1    1    1    1    1    1  5.93107E+11 0.03129 
  109  109    1    1    1    1    1    1    1    1  7.80482E+11 0.02666 
