
DETEnergyDetector = [
    1    1    1    1    1    1    1    1    1    1  3.40665E-06 0.38680 
    2    2    1    1    1    1    1    1    1    1  4.46930E-07 1.00000 
    3    3    1    1    1    1    1    1    1    1  8.96120E-07 0.70370 
    4    4    1    1    1    1    1    1    1    1  0.00000E+00 0.00000 
    5    5    1    1    1    1    1    1    1    1  0.00000E+00 0.00000 
    6    6    1    1    1    1    1    1    1    1  0.00000E+00 0.00000 
    7    7    1    1    1    1    1    1    1    1  1.01652E-06 0.70353 
    8    8    1    1    1    1    1    1    1    1  2.06579E-06 0.49249 
    9    9    1    1    1    1    1    1    1    1  5.25737E-07 1.00000 
   10   10    1    1    1    1    1    1    1    1  5.72236E-07 1.00000 
   11   11    1    1    1    1    1    1    1    1  1.72458E-06 0.57152 
   12   12    1    1    1    1    1    1    1    1  1.16715E-06 0.70362 
   13   13    1    1    1    1    1    1    1    1  1.18113E-06 0.70357 
   14   14    1    1    1    1    1    1    1    1  6.15285E-07 1.00000 
   15   15    1    1    1    1    1    1    1    1  1.27431E-06 0.70366 
   16   16    1    1    1    1    1    1    1    1  2.58926E-06 0.49243 
   17   17    1    1    1    1    1    1    1    1  3.32636E-06 0.43814 
   18   18    1    1    1    1    1    1    1    1  4.16308E-06 0.39783 
   19   19    1    1    1    1    1    1    1    1  2.81720E-06 0.49246 
   20   20    1    1    1    1    1    1    1    1  3.62009E-06 0.43817 
   21   21    1    1    1    1    1    1    1    1  3.78771E-06 0.43832 
   22   22    1    1    1    1    1    1    1    1  5.29605E-06 0.36636 
   23   23    1    1    1    1    1    1    1    1  5.63370E-06 0.36642 
   24   24    1    1    1    1    1    1    1    1  7.34107E-06 0.31961 
   25   25    1    1    1    1    1    1    1    1  7.51106E-06 0.35510 
   26   26    1    1    1    1    1    1    1    1  1.03654E-05 0.29952 
   27   27    1    1    1    1    1    1    1    1  8.85827E-06 0.30163 
   28   28    1    1    1    1    1    1    1    1  5.48803E-06 0.39790 
   29   29    1    1    1    1    1    1    1    1  9.36128E-06 0.30158 
   30   30    1    1    1    1    1    1    1    1  1.05892E-05 0.31443 
   31   31    1    1    1    1    1    1    1    1  1.47198E-05 0.23930 
   32   32    1    1    1    1    1    1    1    1  7.33952E-06 0.42236 
   33   33    1    1    1    1    1    1    1    1  9.32910E-06 0.31965 
   34   34    1    1    1    1    1    1    1    1  1.07208E-05 0.30155 
   35   35    1    1    1    1    1    1    1    1  1.64530E-05 0.25752 
   36   36    1    1    1    1    1    1    1    1  2.57919E-05 0.20401 
   37   37    1    1    1    1    1    1    1    1  3.36330E-05 0.18599 
   38   38    1    1    1    1    1    1    1    1  3.22282E-05 0.18980 
   39   39    1    1    1    1    1    1    1    1  2.66505E-05 0.19963 
   40   40    1    1    1    1    1    1    1    1  4.64827E-05 0.15188 
   41   41    1    1    1    1    1    1    1    1  4.49622E-05 0.16396 
   42   42    1    1    1    1    1    1    1    1  5.31888E-05 0.15544 
   43   43    1    1    1    1    1    1    1    1  5.86852E-05 0.16006 
   44   44    1    1    1    1    1    1    1    1  5.31420E-05 0.16996 
   45   45    1    1    1    1    1    1    1    1  7.29812E-05 0.13543 
   46   46    1    1    1    1    1    1    1    1  8.54309E-05 0.13021 
   47   47    1    1    1    1    1    1    1    1  8.73276E-05 0.13055 
   48   48    1    1    1    1    1    1    1    1  8.96434E-05 0.11465 
   49   49    1    1    1    1    1    1    1    1  1.37617E-04 0.10203 
   50   50    1    1    1    1    1    1    1    1  1.34748E-04 0.12144 
   51   51    1    1    1    1    1    1    1    1  1.45635E-04 0.11633 
   52   52    1    1    1    1    1    1    1    1  1.47150E-04 0.11107 
   53   53    1    1    1    1    1    1    1    1  1.73862E-04 0.09985 
   54   54    1    1    1    1    1    1    1    1  1.93795E-04 0.09903 
   55   55    1    1    1    1    1    1    1    1  2.14674E-04 0.10002 
   56   56    1    1    1    1    1    1    1    1  2.73224E-04 0.07569 
   57   57    1    1    1    1    1    1    1    1  3.30007E-04 0.06958 
   58   58    1    1    1    1    1    1    1    1  5.41274E-04 0.05320 
   59   59    1    1    1    1    1    1    1    1  8.37069E-04 0.04889 
   60   60    1    1    1    1    1    1    1    1  4.71091E-04 0.07402 
   61   61    1    1    1    1    1    1    1    1  5.58157E-04 0.06695 
   62   62    1    1    1    1    1    1    1    1  5.73953E-04 0.05325 
   63   63    1    1    1    1    1    1    1    1  6.05434E-04 0.06051 
   64   64    1    1    1    1    1    1    1    1  6.29978E-04 0.05693 
   65   65    1    1    1    1    1    1    1    1  6.84275E-04 0.05424 
   66   66    1    1    1    1    1    1    1    1  8.61547E-04 0.05178 
   67   67    1    1    1    1    1    1    1    1  8.92600E-04 0.04795 
   68   68    1    1    1    1    1    1    1    1  1.09601E-03 0.05311 
   69   69    1    1    1    1    1    1    1    1  1.19894E-03 0.04663 
   70   70    1    1    1    1    1    1    1    1  1.27885E-03 0.04720 
   71   71    1    1    1    1    1    1    1    1  1.47719E-03 0.04332 
   72   72    1    1    1    1    1    1    1    1  1.66731E-03 0.04451 
   73   73    1    1    1    1    1    1    1    1  2.36675E-03 0.03693 
   74   74    1    1    1    1    1    1    1    1  3.69580E-03 0.02837 
   75   75    1    1    1    1    1    1    1    1  4.25729E-03 0.02336 
   76   76    1    1    1    1    1    1    1    1  3.43067E-03 0.03034 
   77   77    1    1    1    1    1    1    1    1  3.93897E-03 0.02640 
   78   78    1    1    1    1    1    1    1    1  4.56008E-03 0.02542 
   79   79    1    1    1    1    1    1    1    1  6.14694E-03 0.02201 
   80   80    1    1    1    1    1    1    1    1  7.12273E-03 0.01994 
   81   81    1    1    1    1    1    1    1    1  6.87014E-03 0.02437 
   82   82    1    1    1    1    1    1    1    1  7.42192E-03 0.02032 
   83   83    1    1    1    1    1    1    1    1  1.20343E-02 0.01722 
   84   84    1    1    1    1    1    1    1    1  1.21590E-02 0.01628 
   85   85    1    1    1    1    1    1    1    1  1.22804E-02 0.01573 
   86   86    1    1    1    1    1    1    1    1  1.35097E-02 0.01537 
   87   87    1    1    1    1    1    1    1    1  2.68196E-02 0.01331 
   88   88    1    1    1    1    1    1    1    1  1.92675E-02 0.01258 
   89   89    1    1    1    1    1    1    1    1  1.78481E-02 0.01313 
   90   90    1    1    1    1    1    1    1    1  1.80212E-02 0.01316 
   91   91    1    1    1    1    1    1    1    1  2.16668E-02 0.01151 
   92   92    1    1    1    1    1    1    1    1  2.17063E-02 0.01218 
   93   93    1    1    1    1    1    1    1    1  2.53989E-02 0.01201 
   94   94    1    1    1    1    1    1    1    1  2.82609E-02 0.01130 
   95   95    1    1    1    1    1    1    1    1  3.10264E-02 0.00850 
   96   96    1    1    1    1    1    1    1    1  3.60573E-02 0.00902 
   97   97    1    1    1    1    1    1    1    1  4.07674E-02 0.00991 
   98   98    1    1    1    1    1    1    1    1  4.58939E-02 0.00885 
   99   99    1    1    1    1    1    1    1    1  5.13186E-02 0.00793 
  100  100    1    1    1    1    1    1    1    1  5.89911E-02 0.00958 
  101  101    1    1    1    1    1    1    1    1  6.43325E-02 0.00774 
  102  102    1    1    1    1    1    1    1    1  6.98829E-02 0.00769 
  103  103    1    1    1    1    1    1    1    1  7.78080E-02 0.00752 
  104  104    1    1    1    1    1    1    1    1  8.71886E-02 0.00698 
  105  105    1    1    1    1    1    1    1    1  9.77177E-02 0.00730 
  106  106    1    1    1    1    1    1    1    1  1.11115E-01 0.00593 
  107  107    1    1    1    1    1    1    1    1  1.30674E-01 0.00609 
  108  108    1    1    1    1    1    1    1    1  1.73693E-01 0.00558 
  109  109    1    1    1    1    1    1    1    1  1.61907E-01 0.00579 
