HIS_TIME = [
   1  1.22800E+00
   2  1.47100E+00
   3  1.62400E+00
   4  1.78000E+00
   5  1.93600E+00
   6  2.16100E+00
   7  2.35600E+00
   8  2.55100E+00
   9  2.74100E+00
  10  2.95300E+00
  11  3.12400E+00
  12  3.28500E+00
  13  3.45100E+00
  14  3.61100E+00
  15  3.77300E+00
  16  3.93600E+00
  17  4.09600E+00
  18  4.25000E+00
  19  4.40600E+00
  20  4.57000E+00

% ----- Begin active cycles -----

   1  4.80700E+00
   2  5.03200E+00
   3  5.26000E+00
   4  5.49000E+00
   5  5.72600E+00
   6  5.96800E+00
   7  6.19700E+00
   8  6.42800E+00
   9  6.66900E+00
  10  6.90600E+00
  11  7.13800E+00
  12  7.37100E+00
  13  7.61400E+00
  14  7.84100E+00
  15  8.11400E+00
  16  8.34300E+00
  17  8.57800E+00
  18  8.81100E+00
  19  9.05100E+00
  20  9.28700E+00
  21  9.52200E+00
  22  9.75000E+00
  23  9.98600E+00
  24  1.02110E+01
  25  1.04470E+01
  26  1.06810E+01
  27  1.09090E+01
  28  1.11410E+01
  29  1.13780E+01
  30  1.16050E+01
  31  1.18440E+01
  32  1.20810E+01
  33  1.23290E+01
  34  1.25610E+01
  35  1.27920E+01
  36  1.30230E+01
  37  1.32640E+01
  38  1.34980E+01
  39  1.37290E+01
  40  1.39650E+01
  41  1.42030E+01
  42  1.44560E+01
  43  1.46880E+01
  44  1.49210E+01
  45  1.51480E+01
  46  1.53910E+01
  47  1.56260E+01
  48  1.58520E+01
  49  1.60920E+01
  50  1.63670E+01
  51  1.65950E+01
  52  1.68280E+01
  53  1.70850E+01
  54  1.73760E+01
  55  1.76890E+01
  56  1.80310E+01
  57  1.83590E+01
  58  1.86330E+01
  59  1.88850E+01
  60  1.91300E+01
  61  1.93800E+01
  62  1.96120E+01
  63  1.98660E+01
  64  2.00980E+01
  65  2.03320E+01
  66  2.05650E+01
  67  2.08050E+01
  68  2.10450E+01
  69  2.12780E+01
  70  2.15150E+01
  71  2.17480E+01
  72  2.19910E+01
  73  2.22290E+01
  74  2.25440E+01
  75  2.27850E+01
  76  2.30260E+01
  77  2.32640E+01
  78  2.34900E+01
  79  2.37250E+01
  80  2.39620E+01
  81  2.42090E+01
  82  2.44380E+01
  83  2.46740E+01
  84  2.49060E+01
  85  2.51420E+01
  86  2.53670E+01
  87  2.56070E+01
  88  2.58390E+01
  89  2.60710E+01
  90  2.63110E+01
  91  2.65460E+01
  92  2.67790E+01
  93  2.70110E+01
  94  2.72460E+01
  95  2.74830E+01
  96  2.77190E+01
  97  2.79510E+01
  98  2.81890E+01
  99  2.84360E+01
];

HIS_IMP_KEFF = [
   1  1.60743E+00 1.60743E+00 0.00000  
   2  1.62118E+00 1.61431E+00 0.00426  
   3  1.61315E+00 1.61392E+00 0.00247  
   4  1.61318E+00 1.61374E+00 0.00175  
   5  1.61592E+00 1.61417E+00 0.00138  
   6  1.61279E+00 1.61394E+00 0.00114  
   7  1.61567E+00 1.61419E+00 0.00097  
   8  1.61561E+00 1.61437E+00 0.00085  
   9  1.61392E+00 1.61432E+00 0.00075  
  10  1.60968E+00 1.61385E+00 0.00073  
  11  1.61368E+00 1.61384E+00 0.00066  
  12  1.61232E+00 1.61371E+00 0.00061  
  13  1.62154E+00 1.61431E+00 0.00067  
  14  1.61656E+00 1.61447E+00 0.00063  
  15  1.61358E+00 1.61441E+00 0.00059  
  16  1.61692E+00 1.61457E+00 0.00056  
  17  1.61628E+00 1.61467E+00 0.00053  
  18  1.61144E+00 1.61449E+00 0.00051  
  19  1.61625E+00 1.61458E+00 0.00049  
  20  1.61252E+00 1.61448E+00 0.00047  

% ----- Begin active cycles -----

   1  1.61524E+00 1.61524E+00 0.00000  
   2  1.61648E+00 1.61586E+00 0.00039  
   3  1.61914E+00 1.61696E+00 0.00071  
   4  1.61380E+00 1.61617E+00 0.00070  
   5  1.62079E+00 1.61709E+00 0.00079  
   6  1.61196E+00 1.61624E+00 0.00083  
   7  1.61254E+00 1.61571E+00 0.00078  
   8  1.61381E+00 1.61547E+00 0.00069  
   9  1.61015E+00 1.61488E+00 0.00071  
  10  1.61662E+00 1.61505E+00 0.00064  
  11  1.61282E+00 1.61485E+00 0.00060  
  12  1.61592E+00 1.61494E+00 0.00055  
  13  1.61420E+00 1.61488E+00 0.00050  
  14  1.61333E+00 1.61477E+00 0.00047  
  15  1.61021E+00 1.61447E+00 0.00048  
  16  1.61236E+00 1.61434E+00 0.00045  
  17  1.61135E+00 1.61416E+00 0.00044  
  18  1.61785E+00 1.61437E+00 0.00043  
  19  1.60938E+00 1.61410E+00 0.00044  
  20  1.61165E+00 1.61398E+00 0.00043  
  21  1.61549E+00 1.61405E+00 0.00041  
  22  1.60648E+00 1.61371E+00 0.00044  
  23  1.61609E+00 1.61381E+00 0.00043  
  24  1.61052E+00 1.61367E+00 0.00042  
  25  1.61381E+00 1.61368E+00 0.00040  
  26  1.61483E+00 1.61372E+00 0.00039  
  27  1.61589E+00 1.61380E+00 0.00038  
  28  1.62371E+00 1.61416E+00 0.00042  
  29  1.61835E+00 1.61430E+00 0.00042  
  30  1.61130E+00 1.61420E+00 0.00041  
  31  1.61310E+00 1.61417E+00 0.00040  
  32  1.61367E+00 1.61415E+00 0.00038  
  33  1.61541E+00 1.61419E+00 0.00037  
  34  1.61322E+00 1.61416E+00 0.00036  
  35  1.61415E+00 1.61416E+00 0.00035  
  36  1.61468E+00 1.61418E+00 0.00034  
  37  1.61585E+00 1.61422E+00 0.00033  
  38  1.61268E+00 1.61418E+00 0.00033  
  39  1.61451E+00 1.61419E+00 0.00032  
  40  1.61638E+00 1.61424E+00 0.00031  
  41  1.61211E+00 1.61419E+00 0.00030  
  42  1.61135E+00 1.61412E+00 0.00030  
  43  1.61724E+00 1.61420E+00 0.00030  
  44  1.61877E+00 1.61430E+00 0.00030  
  45  1.61637E+00 1.61435E+00 0.00029  
  46  1.61545E+00 1.61437E+00 0.00029  
  47  1.61320E+00 1.61435E+00 0.00028  
  48  1.61282E+00 1.61431E+00 0.00027  
  49  1.61576E+00 1.61434E+00 0.00027  
  50  1.61070E+00 1.61427E+00 0.00027  
  51  1.60719E+00 1.61413E+00 0.00028  
  52  1.61339E+00 1.61412E+00 0.00027  
  53  1.60977E+00 1.61404E+00 0.00027  
  54  1.61320E+00 1.61402E+00 0.00027  
  55  1.61127E+00 1.61397E+00 0.00026  
  56  1.61791E+00 1.61404E+00 0.00026  
  57  1.61137E+00 1.61399E+00 0.00026  
  58  1.61489E+00 1.61401E+00 0.00025  
  59  1.61558E+00 1.61404E+00 0.00025  
  60  1.61301E+00 1.61402E+00 0.00025  
  61  1.61189E+00 1.61398E+00 0.00024  
  62  1.61455E+00 1.61399E+00 0.00024  
  63  1.61531E+00 1.61401E+00 0.00024  
  64  1.61647E+00 1.61405E+00 0.00023  
  65  1.61384E+00 1.61405E+00 0.00023  
  66  1.61262E+00 1.61403E+00 0.00023  
  67  1.61163E+00 1.61399E+00 0.00022  
  68  1.61783E+00 1.61405E+00 0.00022  
  69  1.61824E+00 1.61411E+00 0.00022  
  70  1.60639E+00 1.61400E+00 0.00023  
  71  1.61380E+00 1.61400E+00 0.00023  
  72  1.62507E+00 1.61415E+00 0.00024  
  73  1.61429E+00 1.61415E+00 0.00024  
  74  1.61240E+00 1.61413E+00 0.00024  
  75  1.61932E+00 1.61420E+00 0.00024  
  76  1.61584E+00 1.61422E+00 0.00024  
  77  1.61018E+00 1.61417E+00 0.00023  
  78  1.61125E+00 1.61413E+00 0.00023  
  79  1.61839E+00 1.61418E+00 0.00023  
  80  1.61236E+00 1.61416E+00 0.00023  
  81  1.60811E+00 1.61408E+00 0.00023  
  82  1.61308E+00 1.61407E+00 0.00023  
  83  1.61128E+00 1.61404E+00 0.00023  
  84  1.61750E+00 1.61408E+00 0.00023  
  85  1.61109E+00 1.61404E+00 0.00022  
  86  1.61694E+00 1.61408E+00 0.00022  
  87  1.61462E+00 1.61408E+00 0.00022  
  88  1.61741E+00 1.61412E+00 0.00022  
  89  1.61978E+00 1.61419E+00 0.00022  
  90  1.61371E+00 1.61418E+00 0.00022  
  91  1.61470E+00 1.61419E+00 0.00022  
  92  1.61074E+00 1.61415E+00 0.00021  
  93  1.61402E+00 1.61415E+00 0.00021  
  94  1.61807E+00 1.61419E+00 0.00021  
  95  1.61566E+00 1.61420E+00 0.00021  
  96  1.61464E+00 1.61421E+00 0.00021  
  97  1.61213E+00 1.61419E+00 0.00021  
  98  1.61574E+00 1.61420E+00 0.00020  
  99  1.61931E+00 1.61426E+00 0.00020  
];

