
DETEnergyDetector = [
    1    1    1    1    1    1    1    1    1    1  2.26531E-04 0.62218 
    2    2    1    1    1    1    1    1    1    1  0.00000E+00 0.00000 
    3    3    1    1    1    1    1    1    1    1  0.00000E+00 0.00000 
    4    4    1    1    1    1    1    1    1    1  0.00000E+00 0.00000 
    5    5    1    1    1    1    1    1    1    1  6.34244E-05 1.00000 
    6    6    1    1    1    1    1    1    1    1  0.00000E+00 0.00000 
    7    7    1    1    1    1    1    1    1    1  0.00000E+00 0.00000 
    8    8    1    1    1    1    1    1    1    1  2.97510E-05 1.00000 
    9    9    1    1    1    1    1    1    1    1  0.00000E+00 0.00000 
   10   10    1    1    1    1    1    1    1    1  1.51509E-04 0.72878 
   11   11    1    1    1    1    1    1    1    1  0.00000E+00 0.00000 
   12   12    1    1    1    1    1    1    1    1  1.93993E-04 0.61920 
   13   13    1    1    1    1    1    1    1    1  4.97097E-05 1.00000 
   14   14    1    1    1    1    1    1    1    1  3.26471E-04 0.49782 
   15   15    1    1    1    1    1    1    1    1  6.22959E-05 1.00000 
   16   16    1    1    1    1    1    1    1    1  0.00000E+00 0.00000 
   17   17    1    1    1    1    1    1    1    1  0.00000E+00 0.00000 
   18   18    1    1    1    1    1    1    1    1  2.71490E-04 0.50163 
   19   19    1    1    1    1    1    1    1    1  1.27508E-04 1.00000 
   20   20    1    1    1    1    1    1    1    1  2.06866E-04 1.00000 
   21   21    1    1    1    1    1    1    1    1  5.37127E-05 1.00000 
   22   22    1    1    1    1    1    1    1    1  0.00000E+00 0.00000 
   23   23    1    1    1    1    1    1    1    1  6.53217E-05 1.00000 
   24   24    1    1    1    1    1    1    1    1  0.00000E+00 0.00000 
   25   25    1    1    1    1    1    1    1    1  1.91265E-04 0.71857 
   26   26    1    1    1    1    1    1    1    1  6.60556E-05 1.00000 
   27   27    1    1    1    1    1    1    1    1  7.25794E-05 1.00000 
   28   28    1    1    1    1    1    1    1    1  3.93523E-04 0.62618 
   29   29    1    1    1    1    1    1    1    1  3.05429E-04 0.78714 
   30   30    1    1    1    1    1    1    1    1  7.67645E-04 0.61854 
   31   31    1    1    1    1    1    1    1    1  8.99067E-04 0.57582 
   32   32    1    1    1    1    1    1    1    1  6.96861E-04 0.59030 
   33   33    1    1    1    1    1    1    1    1  6.37120E-04 0.42817 
   34   34    1    1    1    1    1    1    1    1  7.19011E-04 0.49292 
   35   35    1    1    1    1    1    1    1    1  5.50368E-04 0.63274 
   36   36    1    1    1    1    1    1    1    1  2.71972E-04 0.74454 
   37   37    1    1    1    1    1    1    1    1  6.25034E-04 0.53540 
   38   38    1    1    1    1    1    1    1    1  9.62461E-04 0.40325 
   39   39    1    1    1    1    1    1    1    1  7.51866E-04 0.53333 
   40   40    1    1    1    1    1    1    1    1  7.05134E-04 0.39963 
   41   41    1    1    1    1    1    1    1    1  8.58227E-04 0.37680 
   42   42    1    1    1    1    1    1    1    1  1.77867E-03 0.28254 
   43   43    1    1    1    1    1    1    1    1  2.98351E-03 0.26145 
   44   44    1    1    1    1    1    1    1    1  1.96795E-03 0.28922 
   45   45    1    1    1    1    1    1    1    1  2.05137E-03 0.31417 
   46   46    1    1    1    1    1    1    1    1  2.84815E-03 0.28238 
   47   47    1    1    1    1    1    1    1    1  1.90887E-03 0.34619 
   48   48    1    1    1    1    1    1    1    1  2.46178E-03 0.27231 
   49   49    1    1    1    1    1    1    1    1  4.06654E-03 0.25741 
   50   50    1    1    1    1    1    1    1    1  4.35456E-03 0.24128 
   51   51    1    1    1    1    1    1    1    1  3.60277E-03 0.33712 
   52   52    1    1    1    1    1    1    1    1  5.70575E-03 0.19921 
   53   53    1    1    1    1    1    1    1    1  4.43420E-03 0.21033 
   54   54    1    1    1    1    1    1    1    1  3.83680E-03 0.22170 
   55   55    1    1    1    1    1    1    1    1  7.59586E-03 0.18702 
   56   56    1    1    1    1    1    1    1    1  9.89596E-03 0.16729 
   57   57    1    1    1    1    1    1    1    1  8.70749E-03 0.16452 
   58   58    1    1    1    1    1    1    1    1  1.73418E-02 0.13793 
   59   59    1    1    1    1    1    1    1    1  2.59959E-02 0.13971 
   60   60    1    1    1    1    1    1    1    1  1.42562E-02 0.16233 
   61   61    1    1    1    1    1    1    1    1  1.68775E-02 0.13843 
   62   62    1    1    1    1    1    1    1    1  1.27603E-02 0.15280 
   63   63    1    1    1    1    1    1    1    1  1.31072E-02 0.15275 
   64   64    1    1    1    1    1    1    1    1  2.06859E-02 0.11884 
   65   65    1    1    1    1    1    1    1    1  2.02569E-02 0.15080 
   66   66    1    1    1    1    1    1    1    1  2.01129E-02 0.14460 
   67   67    1    1    1    1    1    1    1    1  2.87110E-02 0.12211 
   68   68    1    1    1    1    1    1    1    1  2.95826E-02 0.10801 
   69   69    1    1    1    1    1    1    1    1  3.42992E-02 0.10489 
   70   70    1    1    1    1    1    1    1    1  3.34647E-02 0.12086 
   71   71    1    1    1    1    1    1    1    1  4.39414E-02 0.10670 
   72   72    1    1    1    1    1    1    1    1  4.66389E-02 0.09866 
   73   73    1    1    1    1    1    1    1    1  6.64546E-02 0.09276 
   74   74    1    1    1    1    1    1    1    1  1.03407E-01 0.07958 
   75   75    1    1    1    1    1    1    1    1  1.24655E-01 0.07538 
   76   76    1    1    1    1    1    1    1    1  1.04179E-01 0.08395 
   77   77    1    1    1    1    1    1    1    1  1.23893E-01 0.08685 
   78   78    1    1    1    1    1    1    1    1  1.35098E-01 0.06048 
   79   79    1    1    1    1    1    1    1    1  1.83585E-01 0.07101 
   80   80    1    1    1    1    1    1    1    1  1.86564E-01 0.07020 
   81   81    1    1    1    1    1    1    1    1  1.77151E-01 0.07567 
   82   82    1    1    1    1    1    1    1    1  2.19249E-01 0.08185 
   83   83    1    1    1    1    1    1    1    1  3.42690E-01 0.07181 
   84   84    1    1    1    1    1    1    1    1  3.52612E-01 0.06163 
   85   85    1    1    1    1    1    1    1    1  3.33531E-01 0.06058 
   86   86    1    1    1    1    1    1    1    1  4.28530E-01 0.06614 
   87   87    1    1    1    1    1    1    1    1  7.12921E-01 0.05543 
   88   88    1    1    1    1    1    1    1    1  5.61231E-01 0.05963 
   89   89    1    1    1    1    1    1    1    1  5.00357E-01 0.06045 
   90   90    1    1    1    1    1    1    1    1  5.14443E-01 0.06173 
   91   91    1    1    1    1    1    1    1    1  6.51993E-01 0.05689 
   92   92    1    1    1    1    1    1    1    1  6.14904E-01 0.06268 
   93   93    1    1    1    1    1    1    1    1  7.30063E-01 0.05576 
   94   94    1    1    1    1    1    1    1    1  7.96054E-01 0.06302 
   95   95    1    1    1    1    1    1    1    1  8.92025E-01 0.05788 
   96   96    1    1    1    1    1    1    1    1  1.00486E+00 0.05567 
   97   97    1    1    1    1    1    1    1    1  1.17710E+00 0.05622 
   98   98    1    1    1    1    1    1    1    1  1.28828E+00 0.05411 
   99   99    1    1    1    1    1    1    1    1  1.49090E+00 0.05493 
  100  100    1    1    1    1    1    1    1    1  1.69023E+00 0.05409 
  101  101    1    1    1    1    1    1    1    1  1.77615E+00 0.05599 
  102  102    1    1    1    1    1    1    1    1  2.06383E+00 0.05476 
  103  103    1    1    1    1    1    1    1    1  2.23830E+00 0.05552 
  104  104    1    1    1    1    1    1    1    1  2.48003E+00 0.05526 
  105  105    1    1    1    1    1    1    1    1  2.79189E+00 0.05393 
  106  106    1    1    1    1    1    1    1    1  3.23179E+00 0.05384 
  107  107    1    1    1    1    1    1    1    1  3.72085E+00 0.05405 
  108  108    1    1    1    1    1    1    1    1  4.92867E+00 0.05597 
  109  109    1    1    1    1    1    1    1    1  4.63425E+00 0.05381 
