
DETEnergyDetector = [
    1    1    1    1    1    1    1    1    1    1  0.00000E+00 0.00000 
    2    2    1    1    1    1    1    1    1    1  0.00000E+00 0.00000 
    3    3    1    1    1    1    1    1    1    1  0.00000E+00 0.00000 
    4    4    1    1    1    1    1    1    1    1  0.00000E+00 0.00000 
    5    5    1    1    1    1    1    1    1    1  0.00000E+00 0.00000 
    6    6    1    1    1    1    1    1    1    1  0.00000E+00 0.00000 
    7    7    1    1    1    1    1    1    1    1  0.00000E+00 0.00000 
    8    8    1    1    1    1    1    1    1    1  0.00000E+00 0.00000 
    9    9    1    1    1    1    1    1    1    1  0.00000E+00 0.00000 
   10   10    1    1    1    1    1    1    1    1  0.00000E+00 0.00000 
   11   11    1    1    1    1    1    1    1    1  0.00000E+00 0.00000 
   12   12    1    1    1    1    1    1    1    1  0.00000E+00 0.00000 
   13   13    1    1    1    1    1    1    1    1  0.00000E+00 0.00000 
   14   14    1    1    1    1    1    1    1    1  0.00000E+00 0.00000 
   15   15    1    1    1    1    1    1    1    1  0.00000E+00 0.00000 
   16   16    1    1    1    1    1    1    1    1  0.00000E+00 0.00000 
   17   17    1    1    1    1    1    1    1    1  0.00000E+00 0.00000 
   18   18    1    1    1    1    1    1    1    1  0.00000E+00 0.00000 
   19   19    1    1    1    1    1    1    1    1  0.00000E+00 0.00000 
   20   20    1    1    1    1    1    1    1    1  0.00000E+00 0.00000 
   21   21    1    1    1    1    1    1    1    1  0.00000E+00 0.00000 
   22   22    1    1    1    1    1    1    1    1  0.00000E+00 0.00000 
   23   23    1    1    1    1    1    1    1    1  0.00000E+00 0.00000 
   24   24    1    1    1    1    1    1    1    1  0.00000E+00 0.00000 
   25   25    1    1    1    1    1    1    1    1  0.00000E+00 0.00000 
   26   26    1    1    1    1    1    1    1    1  0.00000E+00 0.00000 
   27   27    1    1    1    1    1    1    1    1  0.00000E+00 0.00000 
   28   28    1    1    1    1    1    1    1    1  0.00000E+00 0.00000 
   29   29    1    1    1    1    1    1    1    1  0.00000E+00 0.00000 
   30   30    1    1    1    1    1    1    1    1  0.00000E+00 0.00000 
   31   31    1    1    1    1    1    1    1    1  0.00000E+00 0.00000 
   32   32    1    1    1    1    1    1    1    1  0.00000E+00 0.00000 
   33   33    1    1    1    1    1    1    1    1  0.00000E+00 0.00000 
   34   34    1    1    1    1    1    1    1    1  0.00000E+00 0.00000 
   35   35    1    1    1    1    1    1    1    1  0.00000E+00 0.00000 
   36   36    1    1    1    1    1    1    1    1  0.00000E+00 0.00000 
   37   37    1    1    1    1    1    1    1    1  0.00000E+00 0.00000 
   38   38    1    1    1    1    1    1    1    1  0.00000E+00 0.00000 
   39   39    1    1    1    1    1    1    1    1  0.00000E+00 0.00000 
   40   40    1    1    1    1    1    1    1    1  0.00000E+00 0.00000 
   41   41    1    1    1    1    1    1    1    1  0.00000E+00 0.00000 
   42   42    1    1    1    1    1    1    1    1  0.00000E+00 0.00000 
   43   43    1    1    1    1    1    1    1    1  0.00000E+00 0.00000 
   44   44    1    1    1    1    1    1    1    1  0.00000E+00 0.00000 
   45   45    1    1    1    1    1    1    1    1  0.00000E+00 0.00000 
   46   46    1    1    1    1    1    1    1    1  0.00000E+00 0.00000 
   47   47    1    1    1    1    1    1    1    1  0.00000E+00 0.00000 
   48   48    1    1    1    1    1    1    1    1  0.00000E+00 0.00000 
   49   49    1    1    1    1    1    1    1    1  0.00000E+00 0.00000 
   50   50    1    1    1    1    1    1    1    1  0.00000E+00 0.00000 
   51   51    1    1    1    1    1    1    1    1  0.00000E+00 0.00000 
   52   52    1    1    1    1    1    1    1    1  0.00000E+00 0.00000 
   53   53    1    1    1    1    1    1    1    1  0.00000E+00 0.00000 
   54   54    1    1    1    1    1    1    1    1  0.00000E+00 0.00000 
   55   55    1    1    1    1    1    1    1    1  0.00000E+00 0.00000 
   56   56    1    1    1    1    1    1    1    1  0.00000E+00 0.00000 
   57   57    1    1    1    1    1    1    1    1  0.00000E+00 0.00000 
   58   58    1    1    1    1    1    1    1    1  0.00000E+00 0.00000 
   59   59    1    1    1    1    1    1    1    1  0.00000E+00 0.00000 
   60   60    1    1    1    1    1    1    1    1  0.00000E+00 0.00000 
   61   61    1    1    1    1    1    1    1    1  0.00000E+00 0.00000 
   62   62    1    1    1    1    1    1    1    1  0.00000E+00 0.00000 
   63   63    1    1    1    1    1    1    1    1  0.00000E+00 0.00000 
   64   64    1    1    1    1    1    1    1    1  0.00000E+00 0.00000 
   65   65    1    1    1    1    1    1    1    1  0.00000E+00 0.00000 
   66   66    1    1    1    1    1    1    1    1  0.00000E+00 0.00000 
   67   67    1    1    1    1    1    1    1    1  0.00000E+00 0.00000 
   68   68    1    1    1    1    1    1    1    1  0.00000E+00 0.00000 
   69   69    1    1    1    1    1    1    1    1  0.00000E+00 0.00000 
   70   70    1    1    1    1    1    1    1    1  0.00000E+00 0.00000 
   71   71    1    1    1    1    1    1    1    1  0.00000E+00 0.00000 
   72   72    1    1    1    1    1    1    1    1  0.00000E+00 0.00000 
   73   73    1    1    1    1    1    1    1    1  0.00000E+00 0.00000 
   74   74    1    1    1    1    1    1    1    1  0.00000E+00 0.00000 
   75   75    1    1    1    1    1    1    1    1  0.00000E+00 0.00000 
   76   76    1    1    1    1    1    1    1    1  0.00000E+00 0.00000 
   77   77    1    1    1    1    1    1    1    1  0.00000E+00 0.00000 
   78   78    1    1    1    1    1    1    1    1  0.00000E+00 0.00000 
   79   79    1    1    1    1    1    1    1    1  0.00000E+00 0.00000 
   80   80    1    1    1    1    1    1    1    1  0.00000E+00 0.00000 
   81   81    1    1    1    1    1    1    1    1  0.00000E+00 0.00000 
   82   82    1    1    1    1    1    1    1    1  7.52058E+16 0.13748 
   83   83    1    1    1    1    1    1    1    1  1.18104E+16 0.45798 
   84   84    1    1    1    1    1    1    1    1  1.53628E+16 0.35234 
   85   85    1    1    1    1    1    1    1    1  9.86924E+15 0.44541 
   86   86    1    1    1    1    1    1    1    1  2.30580E+16 0.29307 
   87   87    1    1    1    1    1    1    1    1  1.70337E+16 0.34493 
   88   88    1    1    1    1    1    1    1    1  1.33899E+16 0.38112 
   89   89    1    1    1    1    1    1    1    1  1.73316E+16 0.35804 
   90   90    1    1    1    1    1    1    1    1  1.42286E+16 0.39412 
   91   91    1    1    1    1    1    1    1    1  2.46030E+16 0.29472 
   92   92    1    1    1    1    1    1    1    1  3.83087E+16 0.26099 
   93   93    1    1    1    1    1    1    1    1  5.32614E+16 0.31088 
   94   94    1    1    1    1    1    1    1    1  2.44547E+16 0.32811 
   95   95    1    1    1    1    1    1    1    1  1.29614E+17 0.16865 
   96   96    1    1    1    1    1    1    1    1  2.15150E+17 0.14779 
   97   97    1    1    1    1    1    1    1    1  3.93065E+16 0.25152 
   98   98    1    1    1    1    1    1    1    1  3.35942E+16 0.29829 
   99   99    1    1    1    1    1    1    1    1  4.25889E+16 0.28854 
  100  100    1    1    1    1    1    1    1    1  2.44218E+17 0.13001 
  101  101    1    1    1    1    1    1    1    1  1.53949E+17 0.17246 
  102  102    1    1    1    1    1    1    1    1  1.10860E+17 0.18841 
  103  103    1    1    1    1    1    1    1    1  2.75123E+17 0.17522 
  104  104    1    1    1    1    1    1    1    1  2.94829E+17 0.12387 
  105  105    1    1    1    1    1    1    1    1  1.45314E+17 0.15888 
  106  106    1    1    1    1    1    1    1    1  1.57464E+17 0.16416 
  107  107    1    1    1    1    1    1    1    1  2.37533E+17 0.15176 
  108  108    1    1    1    1    1    1    1    1  5.77664E+17 0.10125 
  109  109    1    1    1    1    1    1    1    1  8.71974E+17 0.08628 
