
DETEnergyDetector = [
    1    1    1    1    1    1    1    1    1    1  0.00000E+00 0.00000 
    2    2    1    1    1    1    1    1    1    1  0.00000E+00 0.00000 
    3    3    1    1    1    1    1    1    1    1  0.00000E+00 0.00000 
    4    4    1    1    1    1    1    1    1    1  0.00000E+00 0.00000 
    5    5    1    1    1    1    1    1    1    1  0.00000E+00 0.00000 
    6    6    1    1    1    1    1    1    1    1  0.00000E+00 0.00000 
    7    7    1    1    1    1    1    1    1    1  0.00000E+00 0.00000 
    8    8    1    1    1    1    1    1    1    1  0.00000E+00 0.00000 
    9    9    1    1    1    1    1    1    1    1  0.00000E+00 0.00000 
   10   10    1    1    1    1    1    1    1    1  0.00000E+00 0.00000 
   11   11    1    1    1    1    1    1    1    1  0.00000E+00 0.00000 
   12   12    1    1    1    1    1    1    1    1  0.00000E+00 0.00000 
   13   13    1    1    1    1    1    1    1    1  0.00000E+00 0.00000 
   14   14    1    1    1    1    1    1    1    1  0.00000E+00 0.00000 
   15   15    1    1    1    1    1    1    1    1  0.00000E+00 0.00000 
   16   16    1    1    1    1    1    1    1    1  0.00000E+00 0.00000 
   17   17    1    1    1    1    1    1    1    1  0.00000E+00 0.00000 
   18   18    1    1    1    1    1    1    1    1  0.00000E+00 0.00000 
   19   19    1    1    1    1    1    1    1    1  0.00000E+00 0.00000 
   20   20    1    1    1    1    1    1    1    1  0.00000E+00 0.00000 
   21   21    1    1    1    1    1    1    1    1  0.00000E+00 0.00000 
   22   22    1    1    1    1    1    1    1    1  0.00000E+00 0.00000 
   23   23    1    1    1    1    1    1    1    1  0.00000E+00 0.00000 
   24   24    1    1    1    1    1    1    1    1  0.00000E+00 0.00000 
   25   25    1    1    1    1    1    1    1    1  0.00000E+00 0.00000 
   26   26    1    1    1    1    1    1    1    1  0.00000E+00 0.00000 
   27   27    1    1    1    1    1    1    1    1  0.00000E+00 0.00000 
   28   28    1    1    1    1    1    1    1    1  0.00000E+00 0.00000 
   29   29    1    1    1    1    1    1    1    1  0.00000E+00 0.00000 
   30   30    1    1    1    1    1    1    1    1  0.00000E+00 0.00000 
   31   31    1    1    1    1    1    1    1    1  0.00000E+00 0.00000 
   32   32    1    1    1    1    1    1    1    1  0.00000E+00 0.00000 
   33   33    1    1    1    1    1    1    1    1  0.00000E+00 0.00000 
   34   34    1    1    1    1    1    1    1    1  0.00000E+00 0.00000 
   35   35    1    1    1    1    1    1    1    1  0.00000E+00 0.00000 
   36   36    1    1    1    1    1    1    1    1  0.00000E+00 0.00000 
   37   37    1    1    1    1    1    1    1    1  0.00000E+00 0.00000 
   38   38    1    1    1    1    1    1    1    1  0.00000E+00 0.00000 
   39   39    1    1    1    1    1    1    1    1  0.00000E+00 0.00000 
   40   40    1    1    1    1    1    1    1    1  0.00000E+00 0.00000 
   41   41    1    1    1    1    1    1    1    1  0.00000E+00 0.00000 
   42   42    1    1    1    1    1    1    1    1  0.00000E+00 0.00000 
   43   43    1    1    1    1    1    1    1    1  0.00000E+00 0.00000 
   44   44    1    1    1    1    1    1    1    1  0.00000E+00 0.00000 
   45   45    1    1    1    1    1    1    1    1  0.00000E+00 0.00000 
   46   46    1    1    1    1    1    1    1    1  0.00000E+00 0.00000 
   47   47    1    1    1    1    1    1    1    1  0.00000E+00 0.00000 
   48   48    1    1    1    1    1    1    1    1  0.00000E+00 0.00000 
   49   49    1    1    1    1    1    1    1    1  0.00000E+00 0.00000 
   50   50    1    1    1    1    1    1    1    1  0.00000E+00 0.00000 
   51   51    1    1    1    1    1    1    1    1  0.00000E+00 0.00000 
   52   52    1    1    1    1    1    1    1    1  0.00000E+00 0.00000 
   53   53    1    1    1    1    1    1    1    1  0.00000E+00 0.00000 
   54   54    1    1    1    1    1    1    1    1  0.00000E+00 0.00000 
   55   55    1    1    1    1    1    1    1    1  0.00000E+00 0.00000 
   56   56    1    1    1    1    1    1    1    1  0.00000E+00 0.00000 
   57   57    1    1    1    1    1    1    1    1  0.00000E+00 0.00000 
   58   58    1    1    1    1    1    1    1    1  0.00000E+00 0.00000 
   59   59    1    1    1    1    1    1    1    1  0.00000E+00 0.00000 
   60   60    1    1    1    1    1    1    1    1  0.00000E+00 0.00000 
   61   61    1    1    1    1    1    1    1    1  0.00000E+00 0.00000 
   62   62    1    1    1    1    1    1    1    1  0.00000E+00 0.00000 
   63   63    1    1    1    1    1    1    1    1  0.00000E+00 0.00000 
   64   64    1    1    1    1    1    1    1    1  0.00000E+00 0.00000 
   65   65    1    1    1    1    1    1    1    1  0.00000E+00 0.00000 
   66   66    1    1    1    1    1    1    1    1  0.00000E+00 0.00000 
   67   67    1    1    1    1    1    1    1    1  0.00000E+00 0.00000 
   68   68    1    1    1    1    1    1    1    1  0.00000E+00 0.00000 
   69   69    1    1    1    1    1    1    1    1  0.00000E+00 0.00000 
   70   70    1    1    1    1    1    1    1    1  0.00000E+00 0.00000 
   71   71    1    1    1    1    1    1    1    1  0.00000E+00 0.00000 
   72   72    1    1    1    1    1    1    1    1  0.00000E+00 0.00000 
   73   73    1    1    1    1    1    1    1    1  0.00000E+00 0.00000 
   74   74    1    1    1    1    1    1    1    1  0.00000E+00 0.00000 
   75   75    1    1    1    1    1    1    1    1  0.00000E+00 0.00000 
   76   76    1    1    1    1    1    1    1    1  0.00000E+00 0.00000 
   77   77    1    1    1    1    1    1    1    1  0.00000E+00 0.00000 
   78   78    1    1    1    1    1    1    1    1  0.00000E+00 0.00000 
   79   79    1    1    1    1    1    1    1    1  0.00000E+00 0.00000 
   80   80    1    1    1    1    1    1    1    1  0.00000E+00 0.00000 
   81   81    1    1    1    1    1    1    1    1  0.00000E+00 0.00000 
   82   82    1    1    1    1    1    1    1    1  5.36697E+16 0.16500 
   83   83    1    1    1    1    1    1    1    1  1.55746E+16 0.39295 
   84   84    1    1    1    1    1    1    1    1  8.43563E+15 0.47450 
   85   85    1    1    1    1    1    1    1    1  1.27631E+16 0.39209 
   86   86    1    1    1    1    1    1    1    1  1.72094E+16 0.36041 
   87   87    1    1    1    1    1    1    1    1  1.14107E+16 0.43309 
   88   88    1    1    1    1    1    1    1    1  2.49615E+16 0.30226 
   89   89    1    1    1    1    1    1    1    1  3.24504E+16 0.24302 
   90   90    1    1    1    1    1    1    1    1  1.84505E+16 0.39583 
   91   91    1    1    1    1    1    1    1    1  2.43308E+16 0.30460 
   92   92    1    1    1    1    1    1    1    1  3.50612E+16 0.26733 
   93   93    1    1    1    1    1    1    1    1  4.80145E+16 0.23487 
   94   94    1    1    1    1    1    1    1    1  5.39115E+16 0.28299 
   95   95    1    1    1    1    1    1    1    1  1.43032E+17 0.16461 
   96   96    1    1    1    1    1    1    1    1  2.39095E+17 0.12821 
   97   97    1    1    1    1    1    1    1    1  4.71101E+16 0.28231 
   98   98    1    1    1    1    1    1    1    1  4.62318E+16 0.26559 
   99   99    1    1    1    1    1    1    1    1  5.36864E+16 0.23272 
  100  100    1    1    1    1    1    1    1    1  2.58151E+17 0.12557 
  101  101    1    1    1    1    1    1    1    1  1.10790E+17 0.20037 
  102  102    1    1    1    1    1    1    1    1  1.16107E+17 0.17674 
  103  103    1    1    1    1    1    1    1    1  2.85570E+17 0.12857 
  104  104    1    1    1    1    1    1    1    1  3.87308E+17 0.11780 
  105  105    1    1    1    1    1    1    1    1  2.16245E+17 0.17627 
  106  106    1    1    1    1    1    1    1    1  2.50474E+17 0.15515 
  107  107    1    1    1    1    1    1    1    1  2.61145E+17 0.14532 
  108  108    1    1    1    1    1    1    1    1  6.50119E+17 0.09010 
  109  109    1    1    1    1    1    1    1    1  9.17748E+17 0.08346 
