
DETEnergyDetector = [
    1    1    1    1    1    1    1    1    1    1  0.00000E+00 0.00000 
    2    2    1    1    1    1    1    1    1    1  0.00000E+00 0.00000 
    3    3    1    1    1    1    1    1    1    1  0.00000E+00 0.00000 
    4    4    1    1    1    1    1    1    1    1  0.00000E+00 0.00000 
    5    5    1    1    1    1    1    1    1    1  0.00000E+00 0.00000 
    6    6    1    1    1    1    1    1    1    1  0.00000E+00 0.00000 
    7    7    1    1    1    1    1    1    1    1  0.00000E+00 0.00000 
    8    8    1    1    1    1    1    1    1    1  0.00000E+00 0.00000 
    9    9    1    1    1    1    1    1    1    1  0.00000E+00 0.00000 
   10   10    1    1    1    1    1    1    1    1  0.00000E+00 0.00000 
   11   11    1    1    1    1    1    1    1    1  0.00000E+00 0.00000 
   12   12    1    1    1    1    1    1    1    1  0.00000E+00 0.00000 
   13   13    1    1    1    1    1    1    1    1  0.00000E+00 0.00000 
   14   14    1    1    1    1    1    1    1    1  0.00000E+00 0.00000 
   15   15    1    1    1    1    1    1    1    1  0.00000E+00 0.00000 
   16   16    1    1    1    1    1    1    1    1  0.00000E+00 0.00000 
   17   17    1    1    1    1    1    1    1    1  0.00000E+00 0.00000 
   18   18    1    1    1    1    1    1    1    1  0.00000E+00 0.00000 
   19   19    1    1    1    1    1    1    1    1  0.00000E+00 0.00000 
   20   20    1    1    1    1    1    1    1    1  0.00000E+00 0.00000 
   21   21    1    1    1    1    1    1    1    1  0.00000E+00 0.00000 
   22   22    1    1    1    1    1    1    1    1  0.00000E+00 0.00000 
   23   23    1    1    1    1    1    1    1    1  0.00000E+00 0.00000 
   24   24    1    1    1    1    1    1    1    1  0.00000E+00 0.00000 
   25   25    1    1    1    1    1    1    1    1  0.00000E+00 0.00000 
   26   26    1    1    1    1    1    1    1    1  0.00000E+00 0.00000 
   27   27    1    1    1    1    1    1    1    1  0.00000E+00 0.00000 
   28   28    1    1    1    1    1    1    1    1  0.00000E+00 0.00000 
   29   29    1    1    1    1    1    1    1    1  0.00000E+00 0.00000 
   30   30    1    1    1    1    1    1    1    1  0.00000E+00 0.00000 
   31   31    1    1    1    1    1    1    1    1  0.00000E+00 0.00000 
   32   32    1    1    1    1    1    1    1    1  0.00000E+00 0.00000 
   33   33    1    1    1    1    1    1    1    1  0.00000E+00 0.00000 
   34   34    1    1    1    1    1    1    1    1  0.00000E+00 0.00000 
   35   35    1    1    1    1    1    1    1    1  0.00000E+00 0.00000 
   36   36    1    1    1    1    1    1    1    1  0.00000E+00 0.00000 
   37   37    1    1    1    1    1    1    1    1  0.00000E+00 0.00000 
   38   38    1    1    1    1    1    1    1    1  0.00000E+00 0.00000 
   39   39    1    1    1    1    1    1    1    1  0.00000E+00 0.00000 
   40   40    1    1    1    1    1    1    1    1  0.00000E+00 0.00000 
   41   41    1    1    1    1    1    1    1    1  0.00000E+00 0.00000 
   42   42    1    1    1    1    1    1    1    1  0.00000E+00 0.00000 
   43   43    1    1    1    1    1    1    1    1  0.00000E+00 0.00000 
   44   44    1    1    1    1    1    1    1    1  0.00000E+00 0.00000 
   45   45    1    1    1    1    1    1    1    1  0.00000E+00 0.00000 
   46   46    1    1    1    1    1    1    1    1  0.00000E+00 0.00000 
   47   47    1    1    1    1    1    1    1    1  0.00000E+00 0.00000 
   48   48    1    1    1    1    1    1    1    1  0.00000E+00 0.00000 
   49   49    1    1    1    1    1    1    1    1  0.00000E+00 0.00000 
   50   50    1    1    1    1    1    1    1    1  0.00000E+00 0.00000 
   51   51    1    1    1    1    1    1    1    1  0.00000E+00 0.00000 
   52   52    1    1    1    1    1    1    1    1  0.00000E+00 0.00000 
   53   53    1    1    1    1    1    1    1    1  0.00000E+00 0.00000 
   54   54    1    1    1    1    1    1    1    1  0.00000E+00 0.00000 
   55   55    1    1    1    1    1    1    1    1  0.00000E+00 0.00000 
   56   56    1    1    1    1    1    1    1    1  0.00000E+00 0.00000 
   57   57    1    1    1    1    1    1    1    1  0.00000E+00 0.00000 
   58   58    1    1    1    1    1    1    1    1  0.00000E+00 0.00000 
   59   59    1    1    1    1    1    1    1    1  0.00000E+00 0.00000 
   60   60    1    1    1    1    1    1    1    1  0.00000E+00 0.00000 
   61   61    1    1    1    1    1    1    1    1  0.00000E+00 0.00000 
   62   62    1    1    1    1    1    1    1    1  0.00000E+00 0.00000 
   63   63    1    1    1    1    1    1    1    1  0.00000E+00 0.00000 
   64   64    1    1    1    1    1    1    1    1  0.00000E+00 0.00000 
   65   65    1    1    1    1    1    1    1    1  0.00000E+00 0.00000 
   66   66    1    1    1    1    1    1    1    1  0.00000E+00 0.00000 
   67   67    1    1    1    1    1    1    1    1  0.00000E+00 0.00000 
   68   68    1    1    1    1    1    1    1    1  0.00000E+00 0.00000 
   69   69    1    1    1    1    1    1    1    1  0.00000E+00 0.00000 
   70   70    1    1    1    1    1    1    1    1  0.00000E+00 0.00000 
   71   71    1    1    1    1    1    1    1    1  0.00000E+00 0.00000 
   72   72    1    1    1    1    1    1    1    1  0.00000E+00 0.00000 
   73   73    1    1    1    1    1    1    1    1  0.00000E+00 0.00000 
   74   74    1    1    1    1    1    1    1    1  0.00000E+00 0.00000 
   75   75    1    1    1    1    1    1    1    1  0.00000E+00 0.00000 
   76   76    1    1    1    1    1    1    1    1  0.00000E+00 0.00000 
   77   77    1    1    1    1    1    1    1    1  0.00000E+00 0.00000 
   78   78    1    1    1    1    1    1    1    1  0.00000E+00 0.00000 
   79   79    1    1    1    1    1    1    1    1  0.00000E+00 0.00000 
   80   80    1    1    1    1    1    1    1    1  0.00000E+00 0.00000 
   81   81    1    1    1    1    1    1    1    1  0.00000E+00 0.00000 
   82   82    1    1    1    1    1    1    1    1  8.03804E+16 0.16259 
   83   83    1    1    1    1    1    1    1    1  9.51692E+15 0.43987 
   84   84    1    1    1    1    1    1    1    1  1.50813E+16 0.37031 
   85   85    1    1    1    1    1    1    1    1  9.96313E+15 0.47640 
   86   86    1    1    1    1    1    1    1    1  1.26371E+16 0.42700 
   87   87    1    1    1    1    1    1    1    1  7.39878E+15 0.54382 
   88   88    1    1    1    1    1    1    1    1  1.46140E+16 0.40461 
   89   89    1    1    1    1    1    1    1    1  1.80529E+16 0.34748 
   90   90    1    1    1    1    1    1    1    1  3.39791E+16 0.30650 
   91   91    1    1    1    1    1    1    1    1  3.69769E+16 0.24845 
   92   92    1    1    1    1    1    1    1    1  5.39118E+16 0.22166 
   93   93    1    1    1    1    1    1    1    1  4.24030E+16 0.28747 
   94   94    1    1    1    1    1    1    1    1  4.31212E+16 0.41856 
   95   95    1    1    1    1    1    1    1    1  9.13122E+16 0.19634 
   96   96    1    1    1    1    1    1    1    1  3.12031E+17 0.11441 
   97   97    1    1    1    1    1    1    1    1  6.72465E+16 0.28876 
   98   98    1    1    1    1    1    1    1    1  9.53578E+16 0.23387 
   99   99    1    1    1    1    1    1    1    1  4.00286E+16 0.39504 
  100  100    1    1    1    1    1    1    1    1  3.10702E+17 0.13807 
  101  101    1    1    1    1    1    1    1    1  8.67372E+16 0.25015 
  102  102    1    1    1    1    1    1    1    1  1.54994E+17 0.15312 
  103  103    1    1    1    1    1    1    1    1  2.89182E+17 0.16777 
  104  104    1    1    1    1    1    1    1    1  3.25507E+17 0.11829 
  105  105    1    1    1    1    1    1    1    1  1.90219E+17 0.16944 
  106  106    1    1    1    1    1    1    1    1  1.81392E+17 0.18303 
  107  107    1    1    1    1    1    1    1    1  1.81038E+17 0.16921 
  108  108    1    1    1    1    1    1    1    1  6.15606E+17 0.09072 
  109  109    1    1    1    1    1    1    1    1  9.11616E+17 0.08378 
