
DETEnergyDetector = [
    1    1    1    1    1    1    1    1    1    1  0.00000E+00 0.00000 
    2    2    1    1    1    1    1    1    1    1  0.00000E+00 0.00000 
    3    3    1    1    1    1    1    1    1    1  0.00000E+00 0.00000 
    4    4    1    1    1    1    1    1    1    1  0.00000E+00 0.00000 
    5    5    1    1    1    1    1    1    1    1  0.00000E+00 0.00000 
    6    6    1    1    1    1    1    1    1    1  0.00000E+00 0.00000 
    7    7    1    1    1    1    1    1    1    1  0.00000E+00 0.00000 
    8    8    1    1    1    1    1    1    1    1  0.00000E+00 0.00000 
    9    9    1    1    1    1    1    1    1    1  0.00000E+00 0.00000 
   10   10    1    1    1    1    1    1    1    1  0.00000E+00 0.00000 
   11   11    1    1    1    1    1    1    1    1  0.00000E+00 0.00000 
   12   12    1    1    1    1    1    1    1    1  0.00000E+00 0.00000 
   13   13    1    1    1    1    1    1    1    1  0.00000E+00 0.00000 
   14   14    1    1    1    1    1    1    1    1  0.00000E+00 0.00000 
   15   15    1    1    1    1    1    1    1    1  0.00000E+00 0.00000 
   16   16    1    1    1    1    1    1    1    1  0.00000E+00 0.00000 
   17   17    1    1    1    1    1    1    1    1  0.00000E+00 0.00000 
   18   18    1    1    1    1    1    1    1    1  0.00000E+00 0.00000 
   19   19    1    1    1    1    1    1    1    1  0.00000E+00 0.00000 
   20   20    1    1    1    1    1    1    1    1  0.00000E+00 0.00000 
   21   21    1    1    1    1    1    1    1    1  0.00000E+00 0.00000 
   22   22    1    1    1    1    1    1    1    1  0.00000E+00 0.00000 
   23   23    1    1    1    1    1    1    1    1  0.00000E+00 0.00000 
   24   24    1    1    1    1    1    1    1    1  0.00000E+00 0.00000 
   25   25    1    1    1    1    1    1    1    1  0.00000E+00 0.00000 
   26   26    1    1    1    1    1    1    1    1  0.00000E+00 0.00000 
   27   27    1    1    1    1    1    1    1    1  0.00000E+00 0.00000 
   28   28    1    1    1    1    1    1    1    1  0.00000E+00 0.00000 
   29   29    1    1    1    1    1    1    1    1  0.00000E+00 0.00000 
   30   30    1    1    1    1    1    1    1    1  0.00000E+00 0.00000 
   31   31    1    1    1    1    1    1    1    1  0.00000E+00 0.00000 
   32   32    1    1    1    1    1    1    1    1  0.00000E+00 0.00000 
   33   33    1    1    1    1    1    1    1    1  2.34607E-06 1.00000 
   34   34    1    1    1    1    1    1    1    1  0.00000E+00 0.00000 
   35   35    1    1    1    1    1    1    1    1  0.00000E+00 0.00000 
   36   36    1    1    1    1    1    1    1    1  0.00000E+00 0.00000 
   37   37    1    1    1    1    1    1    1    1  0.00000E+00 0.00000 
   38   38    1    1    1    1    1    1    1    1  0.00000E+00 0.00000 
   39   39    1    1    1    1    1    1    1    1  0.00000E+00 0.00000 
   40   40    1    1    1    1    1    1    1    1  0.00000E+00 0.00000 
   41   41    1    1    1    1    1    1    1    1  2.97298E-07 1.00000 
   42   42    1    1    1    1    1    1    1    1  0.00000E+00 0.00000 
   43   43    1    1    1    1    1    1    1    1  0.00000E+00 0.00000 
   44   44    1    1    1    1    1    1    1    1  0.00000E+00 0.00000 
   45   45    1    1    1    1    1    1    1    1  0.00000E+00 0.00000 
   46   46    1    1    1    1    1    1    1    1  0.00000E+00 0.00000 
   47   47    1    1    1    1    1    1    1    1  3.54983E-07 1.00000 
   48   48    1    1    1    1    1    1    1    1  0.00000E+00 0.00000 
   49   49    1    1    1    1    1    1    1    1  3.76277E-06 1.00000 
   50   50    1    1    1    1    1    1    1    1  3.97051E-06 1.00000 
   51   51    1    1    1    1    1    1    1    1  0.00000E+00 0.00000 
   52   52    1    1    1    1    1    1    1    1  0.00000E+00 0.00000 
   53   53    1    1    1    1    1    1    1    1  0.00000E+00 0.00000 
   54   54    1    1    1    1    1    1    1    1  0.00000E+00 0.00000 
   55   55    1    1    1    1    1    1    1    1  4.64528E-07 1.00000 
   56   56    1    1    1    1    1    1    1    1  0.00000E+00 0.00000 
   57   57    1    1    1    1    1    1    1    1  4.65908E-06 1.00000 
   58   58    1    1    1    1    1    1    1    1  4.89204E-07 1.00000 
   59   59    1    1    1    1    1    1    1    1  5.45375E-06 0.91354 
   60   60    1    1    1    1    1    1    1    1  5.04116E-07 1.00000 
   61   61    1    1    1    1    1    1    1    1  5.41621E-06 1.00000 
   62   62    1    1    1    1    1    1    1    1  1.61276E-06 0.57152 
   63   63    1    1    1    1    1    1    1    1  5.69823E-07 1.00000 
   64   64    1    1    1    1    1    1    1    1  1.17947E-05 0.70353 
   65   65    1    1    1    1    1    1    1    1  6.03509E-07 1.00000 
   66   66    1    1    1    1    1    1    1    1  0.00000E+00 0.00000 
   67   67    1    1    1    1    1    1    1    1  6.42020E-06 1.00000 
   68   68    1    1    1    1    1    1    1    1  6.80952E-07 1.00000 
   69   69    1    1    1    1    1    1    1    1  6.40847E-07 1.00000 
   70   70    1    1    1    1    1    1    1    1  0.00000E+00 0.00000 
   71   71    1    1    1    1    1    1    1    1  0.00000E+00 0.00000 
   72   72    1    1    1    1    1    1    1    1  1.51507E-05 0.67031 
   73   73    1    1    1    1    1    1    1    1  8.29902E-06 0.91055 
   74   74    1    1    1    1    1    1    1    1  1.76760E-05 0.64590 
   75   75    1    1    1    1    1    1    1    1  3.94193E-06 0.43823 
   76   76    1    1    1    1    1    1    1    1  3.32522E-05 0.46903 
   77   77    1    1    1    1    1    1    1    1  8.21178E-06 1.00000 
   78   78    1    1    1    1    1    1    1    1  1.72278E-05 0.67133 
   79   79    1    1    1    1    1    1    1    1  1.57006E-04 0.22546 
   80   80    1    1    1    1    1    1    1    1  1.95281E-04 0.23615 
   81   81    1    1    1    1    1    1    1    1  3.84118E-05 0.45624 
   82   82    1    1    1    1    1    1    1    1  1.08614E-04 0.27313 
   83   83    1    1    1    1    1    1    1    1  9.85840E-05 0.36916 
   84   84    1    1    1    1    1    1    1    1  1.05195E-04 0.33832 
   85   85    1    1    1    1    1    1    1    1  1.07408E-04 0.30364 
   86   86    1    1    1    1    1    1    1    1  1.54770E-04 0.25131 
   87   87    1    1    1    1    1    1    1    1  1.56451E-04 0.25313 
   88   88    1    1    1    1    1    1    1    1  2.24923E-04 0.22033 
   89   89    1    1    1    1    1    1    1    1  1.29945E-04 0.27981 
   90   90    1    1    1    1    1    1    1    1  2.79721E-04 0.20915 
   91   91    1    1    1    1    1    1    1    1  3.34628E-04 0.19779 
   92   92    1    1    1    1    1    1    1    1  4.50160E-04 0.16427 
   93   93    1    1    1    1    1    1    1    1  4.02711E-04 0.17463 
   94   94    1    1    1    1    1    1    1    1  3.65586E-04 0.16892 
   95   95    1    1    1    1    1    1    1    1  1.36821E-03 0.11316 
   96   96    1    1    1    1    1    1    1    1  2.47641E-03 0.08322 
   97   97    1    1    1    1    1    1    1    1  4.28477E-04 0.17642 
   98   98    1    1    1    1    1    1    1    1  5.94572E-04 0.16490 
   99   99    1    1    1    1    1    1    1    1  7.09197E-04 0.20192 
  100  100    1    1    1    1    1    1    1    1  2.28044E-03 0.08154 
  101  101    1    1    1    1    1    1    1    1  1.28575E-03 0.11910 
  102  102    1    1    1    1    1    1    1    1  1.21596E-03 0.11515 
  103  103    1    1    1    1    1    1    1    1  2.91020E-03 0.07828 
  104  104    1    1    1    1    1    1    1    1  3.51320E-03 0.07158 
  105  105    1    1    1    1    1    1    1    1  2.44841E-03 0.09655 
  106  106    1    1    1    1    1    1    1    1  2.08399E-03 0.08829 
  107  107    1    1    1    1    1    1    1    1  2.44172E-03 0.09128 
  108  108    1    1    1    1    1    1    1    1  6.67957E-03 0.05678 
  109  109    1    1    1    1    1    1    1    1  8.05875E-03 0.04883 
