
DETEnergyDetector = [
    1    1    1    1    1    1    1    1    1    1  0.00000E+00 0.00000 
    2    2    1    1    1    1    1    1    1    1  0.00000E+00 0.00000 
    3    3    1    1    1    1    1    1    1    1  0.00000E+00 0.00000 
    4    4    1    1    1    1    1    1    1    1  0.00000E+00 0.00000 
    5    5    1    1    1    1    1    1    1    1  0.00000E+00 0.00000 
    6    6    1    1    1    1    1    1    1    1  0.00000E+00 0.00000 
    7    7    1    1    1    1    1    1    1    1  0.00000E+00 0.00000 
    8    8    1    1    1    1    1    1    1    1  0.00000E+00 0.00000 
    9    9    1    1    1    1    1    1    1    1  0.00000E+00 0.00000 
   10   10    1    1    1    1    1    1    1    1  0.00000E+00 0.00000 
   11   11    1    1    1    1    1    1    1    1  0.00000E+00 0.00000 
   12   12    1    1    1    1    1    1    1    1  0.00000E+00 0.00000 
   13   13    1    1    1    1    1    1    1    1  0.00000E+00 0.00000 
   14   14    1    1    1    1    1    1    1    1  0.00000E+00 0.00000 
   15   15    1    1    1    1    1    1    1    1  0.00000E+00 0.00000 
   16   16    1    1    1    1    1    1    1    1  0.00000E+00 0.00000 
   17   17    1    1    1    1    1    1    1    1  5.04581E+12 1.00000 
   18   18    1    1    1    1    1    1    1    1  0.00000E+00 0.00000 
   19   19    1    1    1    1    1    1    1    1  0.00000E+00 0.00000 
   20   20    1    1    1    1    1    1    1    1  0.00000E+00 0.00000 
   21   21    1    1    1    1    1    1    1    1  0.00000E+00 0.00000 
   22   22    1    1    1    1    1    1    1    1  5.64969E+12 1.00000 
   23   23    1    1    1    1    1    1    1    1  0.00000E+00 0.00000 
   24   24    1    1    1    1    1    1    1    1  0.00000E+00 0.00000 
   25   25    1    1    1    1    1    1    1    1  0.00000E+00 0.00000 
   26   26    1    1    1    1    1    1    1    1  1.29031E+13 0.70353 
   27   27    1    1    1    1    1    1    1    1  0.00000E+00 0.00000 
   28   28    1    1    1    1    1    1    1    1  0.00000E+00 0.00000 
   29   29    1    1    1    1    1    1    1    1  7.11838E+12 1.00000 
   30   30    1    1    1    1    1    1    1    1  0.00000E+00 0.00000 
   31   31    1    1    1    1    1    1    1    1  0.00000E+00 0.00000 
   32   32    1    1    1    1    1    1    1    1  0.00000E+00 0.00000 
   33   33    1    1    1    1    1    1    1    1  0.00000E+00 0.00000 
   34   34    1    1    1    1    1    1    1    1  8.28814E+12 1.00000 
   35   35    1    1    1    1    1    1    1    1  8.50802E+12 1.00000 
   36   36    1    1    1    1    1    1    1    1  0.00000E+00 0.00000 
   37   37    1    1    1    1    1    1    1    1  8.78158E+12 1.00000 
   38   38    1    1    1    1    1    1    1    1  0.00000E+00 0.00000 
   39   39    1    1    1    1    1    1    1    1  0.00000E+00 0.00000 
   40   40    1    1    1    1    1    1    1    1  9.39707E+12 1.00000 
   41   41    1    1    1    1    1    1    1    1  0.00000E+00 0.00000 
   42   42    1    1    1    1    1    1    1    1  0.00000E+00 0.00000 
   43   43    1    1    1    1    1    1    1    1  0.00000E+00 0.00000 
   44   44    1    1    1    1    1    1    1    1  0.00000E+00 0.00000 
   45   45    1    1    1    1    1    1    1    1  0.00000E+00 0.00000 
   46   46    1    1    1    1    1    1    1    1  1.11643E+13 1.00000 
   47   47    1    1    1    1    1    1    1    1  2.27946E+13 0.70371 
   48   48    1    1    1    1    1    1    1    1  6.01596E+13 0.43830 
   49   49    1    1    1    1    1    1    1    1  1.22286E+13 1.00000 
   50   50    1    1    1    1    1    1    1    1  0.00000E+00 0.00000 
   51   51    1    1    1    1    1    1    1    1  0.00000E+00 0.00000 
   52   52    1    1    1    1    1    1    1    1  0.00000E+00 0.00000 
   53   53    1    1    1    1    1    1    1    1  1.40632E+13 1.00000 
   54   54    1    1    1    1    1    1    1    1  0.00000E+00 0.00000 
   55   55    1    1    1    1    1    1    1    1  0.00000E+00 0.00000 
   56   56    1    1    1    1    1    1    1    1  4.52512E+13 0.57155 
   57   57    1    1    1    1    1    1    1    1  3.12657E+13 0.70361 
   58   58    1    1    1    1    1    1    1    1  4.66742E+13 0.57150 
   59   59    1    1    1    1    1    1    1    1  6.44959E+13 0.49257 
   60   60    1    1    1    1    1    1    1    1  8.39524E+13 0.43817 
   61   61    1    1    1    1    1    1    1    1  5.23100E+13 0.57163 
   62   62    1    1    1    1    1    1    1    1  6.98190E+13 0.49240 
   63   63    1    1    1    1    1    1    1    1  9.07519E+13 0.43816 
   64   64    1    1    1    1    1    1    1    1  7.46442E+13 0.49242 
   65   65    1    1    1    1    1    1    1    1  7.73629E+13 0.49239 
   66   66    1    1    1    1    1    1    1    1  1.19891E+14 0.39784 
   67   67    1    1    1    1    1    1    1    1  2.43627E+14 0.60610 
   68   68    1    1    1    1    1    1    1    1  2.91505E+14 0.52200 
   69   69    1    1    1    1    1    1    1    1  2.49305E+14 0.59585 
   70   70    1    1    1    1    1    1    1    1  2.35490E+14 0.65110 
   71   71    1    1    1    1    1    1    1    1  4.86262E+14 0.48543 
   72   72    1    1    1    1    1    1    1    1  1.85524E+14 0.38348 
   73   73    1    1    1    1    1    1    1    1  6.36661E+14 0.37786 
   74   74    1    1    1    1    1    1    1    1  3.44395E+14 0.24914 
   75   75    1    1    1    1    1    1    1    1  6.28262E+14 0.46355 
   76   76    1    1    1    1    1    1    1    1  5.65524E+14 0.34546 
   77   77    1    1    1    1    1    1    1    1  6.35548E+14 0.32419 
   78   78    1    1    1    1    1    1    1    1  4.41886E+14 0.24765 
   79   79    1    1    1    1    1    1    1    1  1.88439E+16 0.10674 
   80   80    1    1    1    1    1    1    1    1  1.78290E+16 0.10068 
   81   81    1    1    1    1    1    1    1    1  6.10282E+15 0.15452 
   82   82    1    1    1    1    1    1    1    1  1.04588E+16 0.12992 
   83   83    1    1    1    1    1    1    1    1  9.89749E+15 0.14000 
   84   84    1    1    1    1    1    1    1    1  1.20721E+16 0.14000 
   85   85    1    1    1    1    1    1    1    1  7.72184E+15 0.14432 
   86   86    1    1    1    1    1    1    1    1  1.26630E+16 0.13764 
   87   87    1    1    1    1    1    1    1    1  1.55269E+16 0.12052 
   88   88    1    1    1    1    1    1    1    1  1.32882E+16 0.12817 
   89   89    1    1    1    1    1    1    1    1  2.15442E+16 0.10298 
   90   90    1    1    1    1    1    1    1    1  1.84502E+16 0.11779 
   91   91    1    1    1    1    1    1    1    1  2.50845E+16 0.10274 
   92   92    1    1    1    1    1    1    1    1  2.67758E+16 0.09425 
   93   93    1    1    1    1    1    1    1    1  3.67634E+16 0.11995 
   94   94    1    1    1    1    1    1    1    1  4.87990E+16 0.10295 
   95   95    1    1    1    1    1    1    1    1  1.16015E+17 0.07478 
   96   96    1    1    1    1    1    1    1    1  2.74917E+17 0.04738 
   97   97    1    1    1    1    1    1    1    1  4.58527E+16 0.09687 
   98   98    1    1    1    1    1    1    1    1  5.24992E+16 0.09991 
   99   99    1    1    1    1    1    1    1    1  4.93051E+16 0.08937 
  100  100    1    1    1    1    1    1    1    1  2.60643E+17 0.04590 
  101  101    1    1    1    1    1    1    1    1  1.28464E+17 0.06468 
  102  102    1    1    1    1    1    1    1    1  1.30536E+17 0.05959 
  103  103    1    1    1    1    1    1    1    1  2.65475E+17 0.04708 
  104  104    1    1    1    1    1    1    1    1  2.98834E+17 0.04272 
  105  105    1    1    1    1    1    1    1    1  1.87922E+17 0.05369 
  106  106    1    1    1    1    1    1    1    1  2.09204E+17 0.05402 
  107  107    1    1    1    1    1    1    1    1  2.15995E+17 0.05364 
  108  108    1    1    1    1    1    1    1    1  5.81061E+17 0.03276 
  109  109    1    1    1    1    1    1    1    1  7.56169E+17 0.02662 
