
ZAI = [
922350
942390
641550
641570
531350
541350
666
0
];

NAMES = [
'U235            '
'Pu239           '
'Gd155           '
'Gd157           '
'I135            '
'Xe135           '
'lost            '
'total           '
];

i922350 = 1; iU235             = 1;
i942390 = 2; iPu239            = 2;
i641550 = 3; iGd155            = 3;
i641570 = 4; iGd157            = 4;
i531350 = 5; iI135             = 5;
i541350 = 6; iXe135            = 6;
iLOST    = 7;
iTOT     = 8;

MAT_fuel_salt_VOLUME = [ 1.55290E+10 1.55290E+10 1.55290E+10 ];

MAT_fuel_salt_BURNUP = [ 0.00000E+00 1.00095E-01 5.00869E-01 ];

MAT_fuel_salt_ADENS = [
1.89370E-04 1.88889E-04 1.87075E-04 % U235
0.00000E+00 2.31476E-07 1.02509E-06 % Pu239
0.00000E+00 4.84883E-11 3.04754E-10 % Gd155
0.00000E+00 1.65943E-11 3.95590E-11 % Gd157
0.00000E+00 3.20790E-12 3.21621E-12 % I135
0.00000E+00 4.62181E-12 4.68163E-12 % Xe135
0.00000E+00 1.26419E-14 6.25854E-14 % lost data
7.95354E-02 7.95358E-02 7.95375E-02 % total
];

MAT_fuel_salt_MDENS = [
7.39123E-02 7.37246E-02 7.30164E-02 % U235
0.00000E+00 9.18871E-05 4.06921E-04 % Pu239
0.00000E+00 1.24741E-08 7.84009E-08 % Gd155
0.00000E+00 4.32418E-09 1.03084E-08 % Gd157
0.00000E+00 7.18649E-10 7.20512E-10 % I135
0.00000E+00 1.03539E-09 1.04879E-09 % Xe135
0.00000E+00 0.00000E+00 0.00000E+00 % lost data
3.35000E+00 3.35000E+00 3.34999E+00 % total
];

MAT_fuel_salt_A = [
9.17497E+13 9.15168E+13 9.06377E+13 % U235
0.00000E+00 3.27472E+15 1.45021E+16 % Pu239
0.00000E+00 0.00000E+00 0.00000E+00 % Gd155
0.00000E+00 0.00000E+00 0.00000E+00 % Gd157
0.00000E+00 1.45989E+18 1.46368E+18 % I135
0.00000E+00 1.51193E+18 1.53150E+18 % Xe135
0.00000E+00 0.00000E+00 0.00000E+00 % lost data
3.66424E+14 1.63225E+20 1.65861E+20 % total
];

MAT_fuel_salt_H = [
6.78055E+01 6.76333E+01 6.69836E+01 % U235
0.00000E+00 2.74993E+03 1.21780E+04 % Pu239
0.00000E+00 0.00000E+00 0.00000E+00 % Gd155
0.00000E+00 0.00000E+00 0.00000E+00 % Gd157
0.00000E+00 4.54551E+05 4.55728E+05 % I135
0.00000E+00 1.36303E+05 1.38067E+05 % Xe135
0.00000E+00 0.00000E+00 0.00000E+00 % lost data
2.55950E+02 4.94311E+07 4.90023E+07 % total
];

MAT_fuel_salt_SF = [
6.60598E+03 6.58921E+03 6.52591E+03 % U235
0.00000E+00 1.01516E+04 4.49564E+04 % Pu239
0.00000E+00 0.00000E+00 0.00000E+00 % Gd155
0.00000E+00 0.00000E+00 0.00000E+00 % Gd157
0.00000E+00 0.00000E+00 0.00000E+00 % I135
0.00000E+00 0.00000E+00 0.00000E+00 % Xe135
0.00000E+00 0.00000E+00 0.00000E+00 % lost data
1.49972E+10 1.50076E+10 1.57233E+10 % total
];

MAT_fuel_salt_GSRC = [
1.11489E+14 1.11206E+14 1.10137E+14 % U235
0.00000E+00 1.43701E+14 6.36378E+14 % Pu239
0.00000E+00 0.00000E+00 0.00000E+00 % Gd155
0.00000E+00 0.00000E+00 0.00000E+00 % Gd157
0.00000E+00 1.94557E+18 1.95061E+18 % I135
0.00000E+00 1.50481E+18 1.52428E+18 % Xe135
0.00000E+00 0.00000E+00 0.00000E+00 % lost data
1.31460E+14 1.38984E+20 1.39954E+20 % total
];

MAT_fuel_salt_ING_TOX = [
4.31224E+06 4.30129E+06 4.25997E+06 % U235
0.00000E+00 8.18679E+08 3.62551E+09 % Pu239
0.00000E+00 0.00000E+00 0.00000E+00 % Gd155
0.00000E+00 0.00000E+00 0.00000E+00 % Gd157
0.00000E+00 1.35770E+09 1.36122E+09 % I135
0.00000E+00 0.00000E+00 0.00000E+00 % Xe135
0.00000E+00 0.00000E+00 0.00000E+00 % lost data
1.66726E+07 8.88676E+10 1.21062E+11 % total
];

MAT_fuel_salt_INH_TOX = [
7.79872E+08 7.77893E+08 7.70420E+08 % U235
0.00000E+00 3.92966E+11 1.74025E+12 % Pu239
0.00000E+00 0.00000E+00 0.00000E+00 % Gd155
0.00000E+00 0.00000E+00 0.00000E+00 % Gd157
0.00000E+00 4.67166E+08 4.68377E+08 % I135
0.00000E+00 0.00000E+00 0.00000E+00 % Xe135
0.00000E+00 0.00000E+00 0.00000E+00 % lost data
2.97727E+09 6.36347E+11 3.27663E+12 % total
];

TOT_VOLUME = [ 1.55290E+10 1.55290E+10 1.55290E+10 ];

TOT_BURNUP = [ 0.00000E+00 1.00095E-01 5.00869E-01 ];

TOT_ADENS = [
1.89370E-04 1.88889E-04 1.87075E-04 % U235
0.00000E+00 2.31476E-07 1.02509E-06 % Pu239
0.00000E+00 4.84883E-11 3.04754E-10 % Gd155
0.00000E+00 1.65943E-11 3.95590E-11 % Gd157
0.00000E+00 3.20790E-12 3.21621E-12 % I135
0.00000E+00 4.62181E-12 4.68163E-12 % Xe135
0.00000E+00 1.26419E-14 6.25854E-14 % lost data
7.95354E-02 7.95358E-02 7.95375E-02 % total
];

TOT_MASS = [
1.14778E+09 1.14487E+09 1.13387E+09 % U235
0.00000E+00 1.42691E+06 6.31908E+06 % Pu239
0.00000E+00 1.93710E+02 1.21749E+03 % Gd155
0.00000E+00 6.71503E+01 1.60079E+02 % Gd157
0.00000E+00 1.11599E+01 1.11888E+01 % I135
0.00000E+00 1.60785E+01 1.62866E+01 % Xe135
0.00000E+00 0.00000E+00 0.00000E+00 % lost data
5.20222E+10 5.20221E+10 5.20220E+10 % total
];

TOT_A = [
9.17497E+13 9.15168E+13 9.06377E+13 % U235
0.00000E+00 3.27472E+15 1.45021E+16 % Pu239
0.00000E+00 0.00000E+00 0.00000E+00 % Gd155
0.00000E+00 0.00000E+00 0.00000E+00 % Gd157
0.00000E+00 1.45989E+18 1.46368E+18 % I135
0.00000E+00 1.51193E+18 1.53150E+18 % Xe135
0.00000E+00 0.00000E+00 0.00000E+00 % lost data
3.66424E+14 1.63225E+20 1.65861E+20 % total
];

TOT_H = [
6.78055E+01 6.76333E+01 6.69836E+01 % U235
0.00000E+00 2.74993E+03 1.21780E+04 % Pu239
0.00000E+00 0.00000E+00 0.00000E+00 % Gd155
0.00000E+00 0.00000E+00 0.00000E+00 % Gd157
0.00000E+00 4.54551E+05 4.55728E+05 % I135
0.00000E+00 1.36303E+05 1.38067E+05 % Xe135
0.00000E+00 0.00000E+00 0.00000E+00 % lost data
2.55950E+02 4.94311E+07 4.90023E+07 % total
];

TOT_SF = [
6.60598E+03 6.58921E+03 6.52591E+03 % U235
0.00000E+00 1.01516E+04 4.49564E+04 % Pu239
0.00000E+00 0.00000E+00 0.00000E+00 % Gd155
0.00000E+00 0.00000E+00 0.00000E+00 % Gd157
0.00000E+00 0.00000E+00 0.00000E+00 % I135
0.00000E+00 0.00000E+00 0.00000E+00 % Xe135
0.00000E+00 0.00000E+00 0.00000E+00 % lost data
1.49972E+10 1.50076E+10 1.57233E+10 % total
];

TOT_GSRC = [
1.11489E+14 1.11206E+14 1.10137E+14 % U235
0.00000E+00 1.43701E+14 6.36378E+14 % Pu239
0.00000E+00 0.00000E+00 0.00000E+00 % Gd155
0.00000E+00 0.00000E+00 0.00000E+00 % Gd157
0.00000E+00 1.94557E+18 1.95061E+18 % I135
0.00000E+00 1.50481E+18 1.52428E+18 % Xe135
0.00000E+00 0.00000E+00 0.00000E+00 % lost data
1.31460E+14 1.38984E+20 1.39954E+20 % total
];

TOT_ING_TOX = [
4.31224E+06 4.30129E+06 4.25997E+06 % U235
0.00000E+00 8.18679E+08 3.62551E+09 % Pu239
0.00000E+00 0.00000E+00 0.00000E+00 % Gd155
0.00000E+00 0.00000E+00 0.00000E+00 % Gd157
0.00000E+00 1.35770E+09 1.36122E+09 % I135
0.00000E+00 0.00000E+00 0.00000E+00 % Xe135
0.00000E+00 0.00000E+00 0.00000E+00 % lost data
1.66726E+07 8.88676E+10 1.21062E+11 % total
];

TOT_INH_TOX = [
7.79872E+08 7.77893E+08 7.70420E+08 % U235
0.00000E+00 3.92966E+11 1.74025E+12 % Pu239
0.00000E+00 0.00000E+00 0.00000E+00 % Gd155
0.00000E+00 0.00000E+00 0.00000E+00 % Gd157
0.00000E+00 4.67166E+08 4.68377E+08 % I135
0.00000E+00 0.00000E+00 0.00000E+00 % Xe135
0.00000E+00 0.00000E+00 0.00000E+00 % lost data
2.97727E+09 6.36347E+11 3.27663E+12 % total
];

BU = [ 0.00000E+00 1.00000E-01 5.00000E-01 ];

DAYS = [ 0.00000E+00 3.09795E+03 1.54898E+04 ];
