
DETspectrum = [
    1    1    1    1    1    1    1    1    1    1  0.00000E+00 0.00000 
    2    2    1    1    1    1    1    1    1    1  3.15052E-05 0.70835 
    3    3    1    1    1    1    1    1    1    1  5.93401E-05 0.56900 
    4    4    1    1    1    1    1    1    1    1  2.16996E-05 1.00000 
    5    5    1    1    1    1    1    1    1    1  7.86117E-05 0.56572 
    6    6    1    1    1    1    1    1    1    1  1.89086E-04 0.40783 
    7    7    1    1    1    1    1    1    1    1  2.85992E-04 0.34455 
    8    8    1    1    1    1    1    1    1    1  4.52617E-04 0.26373 
    9    9    1    1    1    1    1    1    1    1  4.15453E-04 0.29410 
   10   10    1    1    1    1    1    1    1    1  1.42352E-03 0.17902 
   11   11    1    1    1    1    1    1    1    1  1.44348E-03 0.21006 
   12   12    1    1    1    1    1    1    1    1  5.49612E-03 0.10273 
   13   13    1    1    1    1    1    1    1    1  6.09671E-03 0.11481 
   14   14    1    1    1    1    1    1    1    1  8.77238E-02 0.03866 
   15   15    1    1    1    1    1    1    1    1  3.78940E-02 0.03952 
   16   16    1    1    1    1    1    1    1    1  1.00206E-01 0.03573 
   17   17    1    1    1    1    1    1    1    1  1.28412E-01 0.02422 
   18   18    1    1    1    1    1    1    1    1  1.48589E-01 0.02901 
   19   19    1    1    1    1    1    1    1    1  1.65188E-01 0.02749 
   20   20    1    1    1    1    1    1    1    1  1.76255E-01 0.02391 
   21   21    1    1    1    1    1    1    1    1  1.87272E-01 0.02830 
   22   22    1    1    1    1    1    1    1    1  1.96643E-01 0.02509 
   23   23    1    1    1    1    1    1    1    1  5.15560E-01 0.01888 
   24   24    1    1    1    1    1    1    1    1  5.18121E-01 0.01644 
   25   25    1    1    1    1    1    1    1    1  5.10933E-01 0.01405 
   26   26    1    1    1    1    1    1    1    1  4.83790E-01 0.01461 
   27   27    1    1    1    1    1    1    1    1  4.57140E-01 0.01654 
   28   28    1    1    1    1    1    1    1    1  4.30452E-01 0.01543 
   29   29    1    1    1    1    1    1    1    1  4.00260E-01 0.01877 
   30   30    1    1    1    1    1    1    1    1  3.76584E-01 0.02083 
   31   31    1    1    1    1    1    1    1    1  3.53293E-01 0.02073 
   32   32    1    1    1    1    1    1    1    1  3.25263E-01 0.01800 
   33   33    1    1    1    1    1    1    1    1  3.00582E-01 0.01942 
   34   34    1    1    1    1    1    1    1    1  2.80472E-01 0.01704 
   35   35    1    1    1    1    1    1    1    1  5.15206E-01 0.01760 
   36   36    1    1    1    1    1    1    1    1  4.44023E-01 0.01601 
   37   37    1    1    1    1    1    1    1    1  3.84751E-01 0.01762 
   38   38    1    1    1    1    1    1    1    1  3.43439E-01 0.01642 
   39   39    1    1    1    1    1    1    1    1  1.56235E-01 0.02009 
   40   40    1    1    1    1    1    1    1    1  1.45742E-01 0.02264 
   41   41    1    1    1    1    1    1    1    1  2.66828E-01 0.01973 
   42   42    1    1    1    1    1    1    1    1  2.47258E-01 0.01914 
   43   43    1    1    1    1    1    1    1    1  2.28724E-01 0.01881 
   44   44    1    1    1    1    1    1    1    1  2.14437E-01 0.02164 
   45   45    1    1    1    1    1    1    1    1  1.96897E-01 0.01803 
   46   46    1    1    1    1    1    1    1    1  8.80493E-02 0.03246 
   47   47    1    1    1    1    1    1    1    1  9.27924E-02 0.03283 
   48   48    1    1    1    1    1    1    1    1  8.82860E-02 0.02804 
   49   49    1    1    1    1    1    1    1    1  8.54328E-02 0.03190 
   50   50    1    1    1    1    1    1    1    1  3.42896E-02 0.05159 
   51   51    1    1    1    1    1    1    1    1  3.39382E-02 0.05119 
   52   52    1    1    1    1    1    1    1    1  3.14062E-02 0.04654 
   53   53    1    1    1    1    1    1    1    1  3.16411E-02 0.04574 
   54   54    1    1    1    1    1    1    1    1  3.19510E-02 0.04550 
   55   55    1    1    1    1    1    1    1    1  3.43574E-02 0.05267 
   56   56    1    1    1    1    1    1    1    1  3.26212E-02 0.05657 
   57   57    1    1    1    1    1    1    1    1  2.92139E-02 0.04867 
   58   58    1    1    1    1    1    1    1    1  2.83644E-02 0.05641 
   59   59    1    1    1    1    1    1    1    1  3.35140E-02 0.04771 
   60   60    1    1    1    1    1    1    1    1  3.19353E-02 0.05344 
   61   61    1    1    1    1    1    1    1    1  2.99180E-02 0.04350 
   62   62    1    1    1    1    1    1    1    1  2.98067E-02 0.05171 
   63   63    1    1    1    1    1    1    1    1  3.09431E-02 0.04947 
   64   64    1    1    1    1    1    1    1    1  3.07345E-02 0.05160 
   65   65    1    1    1    1    1    1    1    1  7.12209E-02 0.03063 
   66   66    1    1    1    1    1    1    1    1  6.84553E-02 0.03323 
   67   67    1    1    1    1    1    1    1    1  6.84460E-02 0.03725 
   68   68    1    1    1    1    1    1    1    1  6.53344E-02 0.03499 
   69   69    1    1    1    1    1    1    1    1  1.32004E-01 0.02720 
   70   70    1    1    1    1    1    1    1    1  1.20722E-01 0.02771 
   71   71    1    1    1    1    1    1    1    1  1.24633E-01 0.02312 
   72   72    1    1    1    1    1    1    1    1  1.22701E-01 0.02278 
   73   73    1    1    1    1    1    1    1    1  1.11986E-01 0.02278 
   74   74    1    1    1    1    1    1    1    1  1.98265E-01 0.01674 
   75   75    1    1    1    1    1    1    1    1  1.86000E-01 0.02048 
   76   76    1    1    1    1    1    1    1    1  1.70123E-01 0.02502 
   77   77    1    1    1    1    1    1    1    1  1.62844E-01 0.01996 
   78   78    1    1    1    1    1    1    1    1  1.34549E-01 0.02389 
   79   79    1    1    1    1    1    1    1    1  9.78758E-02 0.02520 
   80   80    1    1    1    1    1    1    1    1  1.85089E-01 0.02345 
   81   81    1    1    1    1    1    1    1    1  1.35594E-01 0.02151 
   82   82    1    1    1    1    1    1    1    1  1.26827E-01 0.02474 
   83   83    1    1    1    1    1    1    1    1  1.08714E-01 0.02438 
   84   84    1    1    1    1    1    1    1    1  1.15575E-01 0.02945 
   85   85    1    1    1    1    1    1    1    1  1.33507E-01 0.02493 
   86   86    1    1    1    1    1    1    1    1  1.22200E-01 0.02579 
   87   87    1    1    1    1    1    1    1    1  1.19258E-01 0.02437 
   88   88    1    1    1    1    1    1    1    1  1.07445E-01 0.03158 
   89   89    1    1    1    1    1    1    1    1  1.08483E-01 0.02853 
   90   90    1    1    1    1    1    1    1    1  3.32972E-02 0.04913 
   91   91    1    1    1    1    1    1    1    1  5.40682E-02 0.03860 
   92   92    1    1    1    1    1    1    1    1  1.04783E-01 0.02332 
   93   93    1    1    1    1    1    1    1    1  3.38827E-01 0.01763 
   94   94    1    1    1    1    1    1    1    1  1.99359E-01 0.02040 
   95   95    1    1    1    1    1    1    1    1  2.22129E-01 0.01855 
   96   96    1    1    1    1    1    1    1    1  5.47047E-01 0.01622 
   97   97    1    1    1    1    1    1    1    1  1.54785E-01 0.02361 
   98   98    1    1    1    1    1    1    1    1  2.48314E-01 0.02100 
   99   99    1    1    1    1    1    1    1    1  3.48836E-01 0.01370 
  100  100    1    1    1    1    1    1    1    1  1.37940E-01 0.02484 
  101  101    1    1    1    1    1    1    1    1  1.31205E-01 0.02223 
  102  102    1    1    1    1    1    1    1    1  1.03723E-01 0.02635 
  103  103    1    1    1    1    1    1    1    1  1.20538E-01 0.02379 
  104  104    1    1    1    1    1    1    1    1  8.21979E-02 0.03293 
  105  105    1    1    1    1    1    1    1    1  4.88614E-01 0.01481 
  106  106    1    1    1    1    1    1    1    1  4.51648E-01 0.01415 
  107  107    1    1    1    1    1    1    1    1  3.82799E-01 0.01753 
  108  108    1    1    1    1    1    1    1    1  5.69397E-01 0.01321 
  109  109    1    1    1    1    1    1    1    1  1.37298E-01 0.02517 
