TIME = [
   1  1.21300E+00
   2  1.26800E+00
   3  1.31100E+00
   4  1.35300E+00
   5  1.39300E+00
   6  1.43600E+00
   7  1.47900E+00
   8  1.52200E+00
   9  1.56200E+00
  10  1.60500E+00
  11  1.64900E+00
  12  1.69100E+00
  13  1.73500E+00
  14  1.77700E+00
  15  1.81900E+00
  16  1.86200E+00
  17  1.90500E+00
  18  1.94700E+00
  19  1.98900E+00
  20  2.03700E+00

% ----- Begin active cycles -----

   1  2.12000E+00
   2  2.19500E+00
   3  2.27400E+00
   4  2.35100E+00
   5  2.42800E+00
   6  2.50500E+00
   7  2.58300E+00
   8  2.66100E+00
   9  2.73800E+00
  10  2.82100E+00
  11  2.90100E+00
  12  2.97900E+00
  13  3.06700E+00
  14  3.15500E+00
  15  3.23500E+00
  16  3.30900E+00
  17  3.38400E+00
  18  3.45700E+00
  19  3.53600E+00
  20  3.61000E+00
  21  3.68500E+00
  22  3.76200E+00
  23  3.84000E+00
  24  3.91300E+00
  25  3.98700E+00
  26  4.06600E+00
  27  4.14200E+00
  28  4.21600E+00
  29  4.28800E+00
  30  4.36500E+00
  31  4.43700E+00
  32  4.51100E+00
  33  4.58800E+00
  34  4.66700E+00
  35  4.74400E+00
  36  4.82500E+00
  37  4.90400E+00
  38  4.97600E+00
  39  5.05500E+00
  40  5.13300E+00
  41  5.20800E+00
  42  5.28300E+00
  43  5.35700E+00
  44  5.42800E+00
  45  5.50400E+00
  46  5.58100E+00
  47  5.65800E+00
  48  5.73100E+00
  49  5.80700E+00
  50  5.91900E+00
  51  6.00100E+00
  52  6.08800E+00
  53  6.16500E+00
  54  6.24200E+00
  55  6.31700E+00
  56  6.39600E+00
  57  6.47100E+00
  58  6.54700E+00
  59  6.62500E+00
  60  6.70000E+00
  61  6.77800E+00
  62  6.85600E+00
  63  6.93700E+00
  64  7.01400E+00
  65  7.09200E+00
  66  7.17000E+00
  67  7.24400E+00
  68  7.31900E+00
  69  7.39500E+00
  70  7.47000E+00
  71  7.54600E+00
  72  7.62100E+00
  73  7.69700E+00
  74  7.76800E+00
  75  7.84600E+00
  76  7.92300E+00
  77  7.99700E+00
  78  8.08000E+00
  79  8.16300E+00
  80  8.24100E+00
  81  8.32100E+00
  82  8.40000E+00
  83  8.47700E+00
  84  8.55400E+00
  85  8.63900E+00
  86  8.71700E+00
  87  8.80200E+00
  88  8.88500E+00
  89  8.96400E+00
  90  9.03800E+00
  91  9.11400E+00
  92  9.19300E+00
  93  9.27200E+00
  94  9.34900E+00
  95  9.42700E+00
  96  9.50300E+00
  97  9.57500E+00
  98  9.64800E+00
  99  9.72500E+00
];

HIS_IMP_KEFF = [
   1  1.24743E+00 1.24743E+00 0.00000  
   2  1.27127E+00 1.25935E+00 0.00946  
   3  1.27007E+00 1.26292E+00 0.00614  
   4  1.26474E+00 1.26338E+00 0.00435  
   5  1.26140E+00 1.26298E+00 0.00339  
   6  1.27685E+00 1.26529E+00 0.00331  
   7  1.27549E+00 1.26675E+00 0.00302  
   8  1.24817E+00 1.26443E+00 0.00320  
   9  1.25494E+00 1.26337E+00 0.00295  
  10  1.26535E+00 1.26357E+00 0.00264  
  11  1.25607E+00 1.26289E+00 0.00245  
  12  1.25804E+00 1.26249E+00 0.00226  
  13  1.25640E+00 1.26202E+00 0.00211  
  14  1.25949E+00 1.26184E+00 0.00196  
  15  1.25096E+00 1.26111E+00 0.00191  
  16  1.25933E+00 1.26100E+00 0.00179  
  17  1.26876E+00 1.26146E+00 0.00172  
  18  1.26775E+00 1.26181E+00 0.00165  
  19  1.25068E+00 1.26122E+00 0.00163  
  20  1.27154E+00 1.26174E+00 0.00160  

% ----- Begin active cycles -----

   1  1.27472E+00 1.27472E+00 0.00000  
   2  1.26377E+00 1.26925E+00 0.00431  
   3  1.26377E+00 1.26742E+00 0.00288  
   4  1.26639E+00 1.26716E+00 0.00205  
   5  1.25654E+00 1.26504E+00 0.00231  
   6  1.27468E+00 1.26665E+00 0.00227  
   7  1.25763E+00 1.26536E+00 0.00217  
   8  1.26699E+00 1.26556E+00 0.00189  
   9  1.25805E+00 1.26473E+00 0.00179  
  10  1.27841E+00 1.26609E+00 0.00193  
  11  1.27554E+00 1.26695E+00 0.00187  
  12  1.26562E+00 1.26684E+00 0.00171  
  13  1.27666E+00 1.26760E+00 0.00168  
  14  1.26171E+00 1.26718E+00 0.00159  
  15  1.27891E+00 1.26796E+00 0.00161  
  16  1.25715E+00 1.26728E+00 0.00160  
  17  1.24008E+00 1.26568E+00 0.00196  
  18  1.27327E+00 1.26611E+00 0.00188  
  19  1.26801E+00 1.26621E+00 0.00178  
  20  1.25210E+00 1.26550E+00 0.00178  
  21  1.27610E+00 1.26601E+00 0.00174  
  22  1.26803E+00 1.26610E+00 0.00166  
  23  1.26849E+00 1.26620E+00 0.00159  
  24  1.26611E+00 1.26620E+00 0.00152  
  25  1.26957E+00 1.26633E+00 0.00146  
  26  1.26650E+00 1.26634E+00 0.00140  
  27  1.27732E+00 1.26675E+00 0.00139  
  28  1.25807E+00 1.26644E+00 0.00136  
  29  1.25969E+00 1.26620E+00 0.00132  
  30  1.24648E+00 1.26555E+00 0.00138  
  31  1.26032E+00 1.26538E+00 0.00134  
  32  1.25472E+00 1.26504E+00 0.00133  
  33  1.27266E+00 1.26527E+00 0.00130  
  34  1.26219E+00 1.26518E+00 0.00126  
  35  1.26102E+00 1.26506E+00 0.00123  
  36  1.27384E+00 1.26531E+00 0.00121  
  37  1.25367E+00 1.26499E+00 0.00120  
  38  1.26164E+00 1.26491E+00 0.00117  
  39  1.26661E+00 1.26495E+00 0.00114  
  40  1.26129E+00 1.26486E+00 0.00112  
  41  1.25951E+00 1.26473E+00 0.00109  
  42  1.26619E+00 1.26476E+00 0.00107  
  43  1.26825E+00 1.26484E+00 0.00104  
  44  1.26326E+00 1.26481E+00 0.00102  
  45  1.26054E+00 1.26471E+00 0.00100  
  46  1.27330E+00 1.26490E+00 0.00099  
  47  1.27464E+00 1.26511E+00 0.00098  
  48  1.26307E+00 1.26506E+00 0.00096  
  49  1.26777E+00 1.26512E+00 0.00094  
  50  1.27364E+00 1.26529E+00 0.00093  
  51  1.27036E+00 1.26539E+00 0.00092  
  52  1.25726E+00 1.26523E+00 0.00091  
  53  1.27120E+00 1.26535E+00 0.00090  
  54  1.26861E+00 1.26541E+00 0.00088  
  55  1.28439E+00 1.26575E+00 0.00091  
  56  1.26741E+00 1.26578E+00 0.00089  
  57  1.27722E+00 1.26598E+00 0.00089  
  58  1.27280E+00 1.26610E+00 0.00088  
  59  1.24689E+00 1.26577E+00 0.00090  
  60  1.27204E+00 1.26588E+00 0.00089  
  61  1.27714E+00 1.26606E+00 0.00089  
  62  1.25932E+00 1.26595E+00 0.00088  
  63  1.26003E+00 1.26586E+00 0.00087  
  64  1.25786E+00 1.26573E+00 0.00086  
  65  1.27410E+00 1.26586E+00 0.00085  
  66  1.25926E+00 1.26576E+00 0.00084  
  67  1.26542E+00 1.26576E+00 0.00083  
  68  1.27345E+00 1.26587E+00 0.00082  
  69  1.25684E+00 1.26574E+00 0.00082  
  70  1.26402E+00 1.26572E+00 0.00080  
  71  1.26711E+00 1.26574E+00 0.00079  
  72  1.26996E+00 1.26579E+00 0.00078  
  73  1.26863E+00 1.26583E+00 0.00077  
  74  1.25877E+00 1.26574E+00 0.00077  
  75  1.27926E+00 1.26592E+00 0.00077  
  76  1.25600E+00 1.26579E+00 0.00077  
  77  1.27614E+00 1.26592E+00 0.00076  
  78  1.25887E+00 1.26583E+00 0.00076  
  79  1.26004E+00 1.26576E+00 0.00075  
  80  1.26858E+00 1.26579E+00 0.00074  
  81  1.27952E+00 1.26596E+00 0.00074  
  82  1.26335E+00 1.26593E+00 0.00074  
  83  1.25555E+00 1.26581E+00 0.00073  
  84  1.26341E+00 1.26578E+00 0.00072  
  85  1.26869E+00 1.26581E+00 0.00072  
  86  1.26711E+00 1.26583E+00 0.00071  
  87  1.27162E+00 1.26589E+00 0.00070  
  88  1.26554E+00 1.26589E+00 0.00069  
  89  1.25239E+00 1.26574E+00 0.00070  
  90  1.26453E+00 1.26572E+00 0.00069  
  91  1.24356E+00 1.26548E+00 0.00071  
  92  1.25772E+00 1.26540E+00 0.00070  
  93  1.27045E+00 1.26545E+00 0.00070  
  94  1.28288E+00 1.26564E+00 0.00071  
  95  1.26295E+00 1.26561E+00 0.00070  
  96  1.27549E+00 1.26571E+00 0.00070  
  97  1.26057E+00 1.26566E+00 0.00069  
  98  1.24871E+00 1.26548E+00 0.00070  
  99  1.26631E+00 1.26549E+00 0.00069  
];

