
DETEnergyDetector = [
    1    1    1    1    1    1    1    1    1    1  0.00000E+00 0.00000 
    2    2    1    1    1    1    1    1    1    1  0.00000E+00 0.00000 
    3    3    1    1    1    1    1    1    1    1  0.00000E+00 0.00000 
    4    4    1    1    1    1    1    1    1    1  0.00000E+00 0.00000 
    5    5    1    1    1    1    1    1    1    1  0.00000E+00 0.00000 
    6    6    1    1    1    1    1    1    1    1  0.00000E+00 0.00000 
    7    7    1    1    1    1    1    1    1    1  0.00000E+00 0.00000 
    8    8    1    1    1    1    1    1    1    1  0.00000E+00 0.00000 
    9    9    1    1    1    1    1    1    1    1  0.00000E+00 0.00000 
   10   10    1    1    1    1    1    1    1    1  0.00000E+00 0.00000 
   11   11    1    1    1    1    1    1    1    1  0.00000E+00 0.00000 
   12   12    1    1    1    1    1    1    1    1  1.95885E+06 1.00000 
   13   13    1    1    1    1    1    1    1    1  0.00000E+00 0.00000 
   14   14    1    1    1    1    1    1    1    1  0.00000E+00 0.00000 
   15   15    1    1    1    1    1    1    1    1  0.00000E+00 0.00000 
   16   16    1    1    1    1    1    1    1    1  1.13805E+06 1.00000 
   17   17    1    1    1    1    1    1    1    1  2.21952E+06 1.00000 
   18   18    1    1    1    1    1    1    1    1  2.31600E+06 1.00000 
   19   19    1    1    1    1    1    1    1    1  2.36799E+06 1.00000 
   20   20    1    1    1    1    1    1    1    1  0.00000E+00 0.00000 
   21   21    1    1    1    1    1    1    1    1  0.00000E+00 0.00000 
   22   22    1    1    1    1    1    1    1    1  0.00000E+00 0.00000 
   23   23    1    1    1    1    1    1    1    1  0.00000E+00 0.00000 
   24   24    1    1    1    1    1    1    1    1  2.65885E+06 1.00000 
   25   25    1    1    1    1    1    1    1    1  2.67706E+06 1.00000 
   26   26    1    1    1    1    1    1    1    1  0.00000E+00 0.00000 
   27   27    1    1    1    1    1    1    1    1  2.84436E+06 1.00000 
   28   28    1    1    1    1    1    1    1    1  0.00000E+00 0.00000 
   29   29    1    1    1    1    1    1    1    1  3.11222E+06 1.00000 
   30   30    1    1    1    1    1    1    1    1  6.23722E+06 0.70353 
   31   31    1    1    1    1    1    1    1    1  9.86384E+06 0.57162 
   32   32    1    1    1    1    1    1    1    1  3.31396E+06 1.00000 
   33   33    1    1    1    1    1    1    1    1  6.70970E+06 0.70360 
   34   34    1    1    1    1    1    1    1    1  7.13512E+06 0.70377 
   35   35    1    1    1    1    1    1    1    1  0.00000E+00 0.00000 
   36   36    1    1    1    1    1    1    1    1  7.73940E+06 0.70370 
   37   37    1    1    1    1    1    1    1    1  3.98804E+06 1.00000 
   38   38    1    1    1    1    1    1    1    1  7.84960E+06 0.70362 
   39   39    1    1    1    1    1    1    1    1  1.27486E+07 0.51516 
   40   40    1    1    1    1    1    1    1    1  4.26044E+06 1.00000 
   41   41    1    1    1    1    1    1    1    1  4.11692E+06 1.00000 
   42   42    1    1    1    1    1    1    1    1  2.28808E+07 0.50076 
   43   43    1    1    1    1    1    1    1    1  9.44034E+06 0.70374 
   44   44    1    1    1    1    1    1    1    1  9.47092E+06 0.70372 
   45   45    1    1    1    1    1    1    1    1  2.42777E+07 0.52500 
   46   46    1    1    1    1    1    1    1    1  5.84404E+07 0.29501 
   47   47    1    1    1    1    1    1    1    1  6.79078E+07 0.32985 
   48   48    1    1    1    1    1    1    1    1  4.17773E+07 0.38624 
   49   49    1    1    1    1    1    1    1    1  4.24640E+07 0.35143 
   50   50    1    1    1    1    1    1    1    1  6.24008E+07 0.30195 
   51   51    1    1    1    1    1    1    1    1  5.60661E+07 0.32631 
   52   52    1    1    1    1    1    1    1    1  6.84709E+07 0.28943 
   53   53    1    1    1    1    1    1    1    1  1.18058E+08 0.40324 
   54   54    1    1    1    1    1    1    1    1  5.49956E+07 0.34278 
   55   55    1    1    1    1    1    1    1    1  1.21284E+08 0.40070 
   56   56    1    1    1    1    1    1    1    1  9.10551E+07 0.26025 
   57   57    1    1    1    1    1    1    1    1  4.86565E+07 0.37327 
   58   58    1    1    1    1    1    1    1    1  8.60543E+07 0.25288 
   59   59    1    1    1    1    1    1    1    1  1.15795E+08 0.24430 
   60   60    1    1    1    1    1    1    1    1  2.03873E+08 0.28597 
   61   61    1    1    1    1    1    1    1    1  1.45562E+08 0.23632 
   62   62    1    1    1    1    1    1    1    1  2.31849E+08 0.26634 
   63   63    1    1    1    1    1    1    1    1  1.94558E+08 0.17839 
   64   64    1    1    1    1    1    1    1    1  2.07066E+08 0.16557 
   65   65    1    1    1    1    1    1    1    1  2.65983E+08 0.24405 
   66   66    1    1    1    1    1    1    1    1  2.36436E+08 0.31227 
   67   67    1    1    1    1    1    1    1    1  3.16114E+08 0.15024 
   68   68    1    1    1    1    1    1    1    1  3.67203E+08 0.13615 
   69   69    1    1    1    1    1    1    1    1  3.86487E+08 0.13961 
   70   70    1    1    1    1    1    1    1    1  4.52777E+08 0.14858 
   71   71    1    1    1    1    1    1    1    1  5.32331E+08 0.16931 
   72   72    1    1    1    1    1    1    1    1  5.73948E+08 0.17970 
   73   73    1    1    1    1    1    1    1    1  8.00749E+08 0.13409 
   74   74    1    1    1    1    1    1    1    1  7.21217E+08 0.11277 
   75   75    1    1    1    1    1    1    1    1  7.03490E+08 0.12777 
   76   76    1    1    1    1    1    1    1    1  1.00155E+09 0.10123 
   77   77    1    1    1    1    1    1    1    1  1.09520E+09 0.10016 
   78   78    1    1    1    1    1    1    1    1  1.16114E+09 0.09292 
   79   79    1    1    1    1    1    1    1    1  1.22785E+09 0.10823 
   80   80    1    1    1    1    1    1    1    1  1.70463E+09 0.09914 
   81   81    1    1    1    1    1    1    1    1  1.76099E+09 0.09037 
   82   82    1    1    1    1    1    1    1    1  1.88121E+09 0.09162 
   83   83    1    1    1    1    1    1    1    1  2.62831E+09 0.09820 
   84   84    1    1    1    1    1    1    1    1  6.36748E+09 0.05418 
   85   85    1    1    1    1    1    1    1    1  5.32610E+09 0.05270 
   86   86    1    1    1    1    1    1    1    1  5.19449E+09 0.05505 
   87   87    1    1    1    1    1    1    1    1  5.24546E+09 0.05514 
   88   88    1    1    1    1    1    1    1    1  5.87292E+09 0.05760 
   89   89    1    1    1    1    1    1    1    1  5.54069E+09 0.05229 
   90   90    1    1    1    1    1    1    1    1  7.10785E+09 0.04705 
   91   91    1    1    1    1    1    1    1    1  8.77628E+09 0.03980 
   92   92    1    1    1    1    1    1    1    1  9.08947E+09 0.04802 
   93   93    1    1    1    1    1    1    1    1  8.85529E+09 0.03877 
   94   94    1    1    1    1    1    1    1    1  9.86927E+09 0.04306 
   95   95    1    1    1    1    1    1    1    1  1.29107E+10 0.03526 
   96   96    1    1    1    1    1    1    1    1  9.94415E+09 0.04156 
   97   97    1    1    1    1    1    1    1    1  1.09320E+10 0.04027 
   98   98    1    1    1    1    1    1    1    1  1.21319E+10 0.04007 
   99   99    1    1    1    1    1    1    1    1  1.42094E+10 0.03940 
  100  100    1    1    1    1    1    1    1    1  1.54353E+10 0.03556 
  101  101    1    1    1    1    1    1    1    1  1.63286E+10 0.03596 
  102  102    1    1    1    1    1    1    1    1  1.90034E+10 0.03283 
  103  103    1    1    1    1    1    1    1    1  2.19341E+10 0.02915 
  104  104    1    1    1    1    1    1    1    1  2.44881E+10 0.02928 
  105  105    1    1    1    1    1    1    1    1  3.78389E+10 0.02474 
  106  106    1    1    1    1    1    1    1    1  4.62491E+10 0.02424 
  107  107    1    1    1    1    1    1    1    1  4.54870E+10 0.02046 
  108  108    1    1    1    1    1    1    1    1  4.75468E+10 0.02355 
  109  109    1    1    1    1    1    1    1    1  5.32006E+10 0.02100 
