
ZAI = [
922350
942390
641550
641570
666
0
];

NAMES = [
'U235            '
'Pu239           '
'Gd155           '
'Gd157           '
'lost            '
'total           '
];

i922350 = 1; iU235             = 1;
i942390 = 2; iPu239            = 2;
i641550 = 3; iGd155            = 3;
i641570 = 4; iGd157            = 4;
iLOST    = 5;
iTOT     = 6;

MAT_fuelNoGad_VOLUME = [ 1.21045E+02 ];

MAT_fuelNoGad_BURNUP = [ 0.00000E+00 ];

MAT_fuelNoGad_ADENS = [
6.98344E-04 % U235
0.00000E+00 % Pu239
0.00000E+00 % Gd155
0.00000E+00 % Gd157
0.00000E+00 % lost data
6.89786E-02 % total
];

MAT_fuelNoGad_MDENS = [
2.72568E-01 % U235
0.00000E+00 % Pu239
0.00000E+00 % Gd155
0.00000E+00 % Gd157
0.00000E+00 % lost data
1.03070E+01 % total
];

MAT_fuelNoGad_A = [
2.63734E+06 % U235
0.00000E+00 % Pu239
0.00000E+00 % Gd155
0.00000E+00 % Gd157
0.00000E+00 % lost data
1.59038E+07 % total
];

MAT_fuelNoGad_H = [
1.94907E-06 % U235
0.00000E+00 % Pu239
0.00000E+00 % Gd155
0.00000E+00 % Gd157
0.00000E+00 % lost data
1.10363E-05 % total
];

MAT_fuelNoGad_SF = [
1.89889E-04 % U235
0.00000E+00 % Pu239
0.00000E+00 % Gd155
0.00000E+00 % Gd157
0.00000E+00 % lost data
7.24351E+02 % total
];

MAT_fuelNoGad_GSRC = [
3.20474E+06 % U235
0.00000E+00 % Pu239
0.00000E+00 % Gd155
0.00000E+00 % Gd157
0.00000E+00 % lost data
4.16932E+06 % total
];

MAT_fuelNoGad_ING_TOX = [
1.23955E-01 % U235
0.00000E+00 % Pu239
0.00000E+00 % Gd155
0.00000E+00 % Gd157
0.00000E+00 % lost data
7.20948E-01 % total
];

MAT_fuelNoGad_INH_TOX = [
2.24174E+01 % U235
0.00000E+00 % Pu239
0.00000E+00 % Gd155
0.00000E+00 % Gd157
0.00000E+00 % lost data
1.28549E+02 % total
];

MAT_fuelYesGad_VOLUME = [ 9.93981E+00 ];

MAT_fuelYesGad_BURNUP = [ 0.00000E+00 ];

MAT_fuelYesGad_ADENS = [
5.35420E-05 % U235
0.00000E+00 % Pu239
4.05473E-04 % Gd155
4.28761E-04 % Gd157
0.00000E+00 % lost data
7.02900E-02 % total
];

MAT_fuelYesGad_MDENS = [
2.08978E-02 % U235
0.00000E+00 % Pu239
1.04312E-01 % Gd155
1.11728E-01 % Gd157
0.00000E+00 % lost data
1.03070E+01 % total
];

MAT_fuelYesGad_A = [
1.66044E+04 % U235
0.00000E+00 % Pu239
0.00000E+00 % Gd155
0.00000E+00 % Gd157
0.00000E+00 % lost data
1.04731E+06 % total
];

MAT_fuelYesGad_H = [
1.22711E-08 % U235
0.00000E+00 % Pu239
0.00000E+00 % Gd155
0.00000E+00 % Gd157
0.00000E+00 % lost data
7.18276E-07 % total
];

MAT_fuelYesGad_SF = [
1.19551E-06 % U235
0.00000E+00 % Pu239
0.00000E+00 % Gd155
0.00000E+00 % Gd157
0.00000E+00 % lost data
5.62764E+01 % total
];

MAT_fuelYesGad_GSRC = [
2.01766E+04 % U235
0.00000E+00 % Pu239
0.00000E+00 % Gd155
0.00000E+00 % Gd157
0.00000E+00 % lost data
9.51168E+04 % total
];

MAT_fuelYesGad_ING_TOX = [
7.80405E-04 % U235
0.00000E+00 % Pu239
0.00000E+00 % Gd155
0.00000E+00 % Gd157
0.00000E+00 % lost data
4.71620E-02 % total
];

MAT_fuelYesGad_INH_TOX = [
1.41137E-01 % U235
0.00000E+00 % Pu239
0.00000E+00 % Gd155
0.00000E+00 % Gd157
0.00000E+00 % lost data
8.38676E+00 % total
];

TOT_VOLUME = [ 1.30985E+02 ];

TOT_BURNUP = [ 0.00000E+00 ];

TOT_ADENS = [
6.49413E-04 % U235
0.00000E+00 % Pu239
3.07694E-05 % Gd155
3.25366E-05 % Gd157
0.00000E+00 % lost data
6.90781E-02 % total
];

TOT_MASS = [
3.32007E+01 % U235
0.00000E+00 % Pu239
1.03684E+00 % Gd155
1.11055E+00 % Gd157
0.00000E+00 % lost data
1.35006E+03 % total
];

TOT_A = [
2.65395E+06 % U235
0.00000E+00 % Pu239
0.00000E+00 % Gd155
0.00000E+00 % Gd157
0.00000E+00 % lost data
1.69512E+07 % total
];

TOT_H = [
1.96134E-06 % U235
0.00000E+00 % Pu239
0.00000E+00 % Gd155
0.00000E+00 % Gd157
0.00000E+00 % lost data
1.17546E-05 % total
];

TOT_SF = [
1.91084E-04 % U235
0.00000E+00 % Pu239
0.00000E+00 % Gd155
0.00000E+00 % Gd157
0.00000E+00 % lost data
7.80627E+02 % total
];

TOT_GSRC = [
3.22491E+06 % U235
0.00000E+00 % Pu239
0.00000E+00 % Gd155
0.00000E+00 % Gd157
0.00000E+00 % lost data
4.26443E+06 % total
];

TOT_ING_TOX = [
1.24736E-01 % U235
0.00000E+00 % Pu239
0.00000E+00 % Gd155
0.00000E+00 % Gd157
0.00000E+00 % lost data
7.68110E-01 % total
];

TOT_INH_TOX = [
2.25586E+01 % U235
0.00000E+00 % Pu239
0.00000E+00 % Gd155
0.00000E+00 % Gd157
0.00000E+00 % lost data
1.36936E+02 % total
];

BU = [ 0.00000E+00 ];

DAYS = [ 0.00000E+00 ];
