
DETpinpowers = [
    1    1    1    1    1    1    1    1    1    1  1.76490E+02 0.01541 
    2    1    1    1    1    1    1    1    1    2  1.74077E+02 0.01555 
    3    1    1    1    1    1    1    1    1    3  1.70730E+02 0.01525 
    4    1    1    1    1    1    1    1    1    4  1.79279E+02 0.01521 
    5    1    1    1    1    1    1    1    1    5  1.85140E+02 0.01458 
    6    1    1    1    1    1    1    1    1    6  1.80731E+02 0.01553 
    7    1    1    1    1    1    1    1    1    7  1.79657E+02 0.01589 
    8    1    1    1    1    1    1    1    1    8  1.84523E+02 0.01463 
    9    1    1    1    1    1    1    1    1    9  1.81804E+02 0.01444 
   10    1    1    1    1    1    1    1    1   10  1.83561E+02 0.01510 
   11    1    1    1    1    1    1    1    1   11  1.79922E+02 0.01588 
   12    1    1    1    1    1    1    1    1   12  1.85917E+02 0.01573 
   13    1    1    1    1    1    1    1    1   13  1.80441E+02 0.01493 
   14    1    1    1    1    1    1    1    1   14  1.76304E+02 0.01427 
   15    1    1    1    1    1    1    1    1   15  1.79902E+02 0.01597 
   16    1    1    1    1    1    1    1    1   16  1.73922E+02 0.01661 
   17    1    1    1    1    1    1    1    1   17  1.82220E+02 0.01681 
   18    1    1    1    1    1    1    1    2    1  1.77030E+02 0.01864 
   19    1    1    1    1    1    1    1    2    2  1.68759E+02 0.01631 
   20    1    1    1    1    1    1    1    2    3  1.61261E+02 0.01602 
   21    1    1    1    1    1    1    1    2    4  1.74153E+02 0.01657 
   22    1    1    1    1    1    1    1    2    5  1.84108E+02 0.01345 
   23    1    1    1    1    1    1    1    2    6  1.80570E+02 0.01487 
   24    1    1    1    1    1    1    1    2    7  1.85714E+02 0.01471 
   25    1    1    1    1    1    1    1    2    8  1.80160E+02 0.01590 
   26    1    1    1    1    1    1    1    2    9  1.75405E+02 0.01341 
   27    1    1    1    1    1    1    1    2   10  1.76936E+02 0.01435 
   28    1    1    1    1    1    1    1    2   11  1.77234E+02 0.01469 
   29    1    1    1    1    1    1    1    2   12  1.87202E+02 0.01575 
   30    1    1    1    1    1    1    1    2   13  1.81851E+02 0.01474 
   31    1    1    1    1    1    1    1    2   14  1.68197E+02 0.01517 
   32    1    1    1    1    1    1    1    2   15  1.57485E+02 0.01571 
   33    1    1    1    1    1    1    1    2   16  1.65468E+02 0.01672 
   34    1    1    1    1    1    1    1    2   17  1.69953E+02 0.01884 
   35    1    1    1    1    1    1    1    3    1  1.69621E+02 0.01436 
   36    1    1    1    1    1    1    1    3    2  1.59987E+02 0.01681 
   37    1    1    1    1    1    1    1    3    3  1.46024E+01 0.01825 
   38    1    1    1    1    1    1    1    3    4  1.65102E+02 0.01526 
   39    1    1    1    1    1    1    1    3    5  1.81776E+02 0.01504 
   40    1    1    1    1    1    1    1    3    6  0.00000E+00 0.00000 
   41    1    1    1    1    1    1    1    3    7  1.77386E+02 0.01326 
   42    1    1    1    1    1    1    1    3    8  1.71649E+02 0.01613 
   43    1    1    1    1    1    1    1    3    9  0.00000E+00 0.00000 
   44    1    1    1    1    1    1    1    3   10  1.67936E+02 0.01461 
   45    1    1    1    1    1    1    1    3   11  1.73383E+02 0.01428 
   46    1    1    1    1    1    1    1    3   12  0.00000E+00 0.00000 
   47    1    1    1    1    1    1    1    3   13  1.84389E+02 0.01257 
   48    1    1    1    1    1    1    1    3   14  1.64624E+02 0.01544 
   49    1    1    1    1    1    1    1    3   15  1.45178E+01 0.01650 
   50    1    1    1    1    1    1    1    3   16  1.57361E+02 0.01505 
   51    1    1    1    1    1    1    1    3   17  1.75217E+02 0.01705 
   52    1    1    1    1    1    1    1    4    1  1.76760E+02 0.01530 
   53    1    1    1    1    1    1    1    4    2  1.71618E+02 0.01559 
   54    1    1    1    1    1    1    1    4    3  1.69770E+02 0.01686 
   55    1    1    1    1    1    1    1    4    4  0.00000E+00 0.00000 
   56    1    1    1    1    1    1    1    4    5  1.69597E+02 0.01536 
   57    1    1    1    1    1    1    1    4    6  1.77576E+02 0.01600 
   58    1    1    1    1    1    1    1    4    7  1.58079E+02 0.01466 
   59    1    1    1    1    1    1    1    4    8  1.38252E+01 0.01925 
   60    1    1    1    1    1    1    1    4    9  1.48752E+02 0.01653 
   61    1    1    1    1    1    1    1    4   10  1.39305E+01 0.01766 
   62    1    1    1    1    1    1    1    4   11  1.60372E+02 0.01641 
   63    1    1    1    1    1    1    1    4   12  1.70491E+02 0.01308 
   64    1    1    1    1    1    1    1    4   13  1.62772E+02 0.01601 
   65    1    1    1    1    1    1    1    4   14  0.00000E+00 0.00000 
   66    1    1    1    1    1    1    1    4   15  1.63875E+02 0.01691 
   67    1    1    1    1    1    1    1    4   16  1.67725E+02 0.01416 
   68    1    1    1    1    1    1    1    4   17  1.77115E+02 0.01808 
   69    1    1    1    1    1    1    1    5    1  1.78970E+02 0.01513 
   70    1    1    1    1    1    1    1    5    2  1.84777E+02 0.01579 
   71    1    1    1    1    1    1    1    5    3  1.81585E+02 0.01405 
   72    1    1    1    1    1    1    1    5    4  1.67855E+02 0.01439 
   73    1    1    1    1    1    1    1    5    5  1.42039E+01 0.01643 
   74    1    1    1    1    1    1    1    5    6  1.63521E+02 0.01430 
   75    1    1    1    1    1    1    1    5    7  1.57025E+02 0.01609 
   76    1    1    1    1    1    1    1    5    8  1.50746E+02 0.01647 
   77    1    1    1    1    1    1    1    5    9  1.55192E+02 0.01642 
   78    1    1    1    1    1    1    1    5   10  1.53023E+02 0.01433 
   79    1    1    1    1    1    1    1    5   11  1.60261E+02 0.01671 
   80    1    1    1    1    1    1    1    5   12  1.62275E+02 0.01287 
   81    1    1    1    1    1    1    1    5   13  1.40775E+01 0.01800 
   82    1    1    1    1    1    1    1    5   14  1.68011E+02 0.01457 
   83    1    1    1    1    1    1    1    5   15  1.77826E+02 0.01508 
   84    1    1    1    1    1    1    1    5   16  1.77428E+02 0.01461 
   85    1    1    1    1    1    1    1    5   17  1.79092E+02 0.01754 
   86    1    1    1    1    1    1    1    6    1  1.84126E+02 0.01681 
   87    1    1    1    1    1    1    1    6    2  1.83075E+02 0.01737 
   88    1    1    1    1    1    1    1    6    3  0.00000E+00 0.00000 
   89    1    1    1    1    1    1    1    6    4  1.69612E+02 0.01499 
   90    1    1    1    1    1    1    1    6    5  1.59380E+02 0.01717 
   91    1    1    1    1    1    1    1    6    6  0.00000E+00 0.00000 
   92    1    1    1    1    1    1    1    6    7  1.57464E+02 0.01750 
   93    1    1    1    1    1    1    1    6    8  1.61875E+02 0.01495 
   94    1    1    1    1    1    1    1    6    9  0.00000E+00 0.00000 
   95    1    1    1    1    1    1    1    6   10  1.64037E+02 0.01536 
   96    1    1    1    1    1    1    1    6   11  1.58065E+02 0.01579 
   97    1    1    1    1    1    1    1    6   12  0.00000E+00 0.00000 
   98    1    1    1    1    1    1    1    6   13  1.57304E+02 0.01599 
   99    1    1    1    1    1    1    1    6   14  1.73519E+02 0.01755 
  100    1    1    1    1    1    1    1    6   15  0.00000E+00 0.00000 
  101    1    1    1    1    1    1    1    6   16  1.80939E+02 0.01653 
  102    1    1    1    1    1    1    1    6   17  1.81172E+02 0.01558 
  103    1    1    1    1    1    1    1    7    1  1.82756E+02 0.01596 
  104    1    1    1    1    1    1    1    7    2  1.81074E+02 0.01662 
  105    1    1    1    1    1    1    1    7    3  1.78941E+02 0.01601 
  106    1    1    1    1    1    1    1    7    4  1.57596E+02 0.01628 
  107    1    1    1    1    1    1    1    7    5  1.56746E+02 0.01612 
  108    1    1    1    1    1    1    1    7    6  1.54411E+02 0.01567 
  109    1    1    1    1    1    1    1    7    7  1.41037E+01 0.01790 
