
ZAI = [
922350
942390
641550
641570
531350
541350
666
0
];

NAMES = [
'U235            '
'Pu239           '
'Gd155           '
'Gd157           '
'I135            '
'Xe135           '
'lost            '
'total           '
];

i922350 = 1; iU235             = 1;
i942390 = 2; iPu239            = 2;
i641550 = 3; iGd155            = 3;
i641570 = 4; iGd157            = 4;
i531350 = 5; iI135             = 5;
i541350 = 6; iXe135            = 6;
iLOST    = 7;
iTOT     = 8;

MAT_fuel_salt_VOLUME = [ 1.55290E+10 1.55290E+10 ];

MAT_fuel_salt_BURNUP = [ 0.00000E+00 1.00076E-01 ];

MAT_fuel_salt_ADENS = [
1.89370E-04 1.88889E-04 % U235
0.00000E+00 2.30631E-07 % Pu239
0.00000E+00 4.81699E-11 % Gd155
0.00000E+00 1.64245E-11 % Gd157
0.00000E+00 3.21157E-12 % I135
0.00000E+00 4.62643E-12 % Xe135
0.00000E+00 1.25633E-14 % lost data
7.95354E-02 7.95358E-02 % total
];

MAT_fuel_salt_MDENS = [
7.39123E-02 7.37246E-02 % U235
0.00000E+00 9.15516E-05 % Pu239
0.00000E+00 1.23922E-08 % Gd155
0.00000E+00 4.27993E-09 % Gd157
0.00000E+00 7.19473E-10 % I135
0.00000E+00 1.03642E-09 % Xe135
0.00000E+00 0.00000E+00 % lost data
3.35000E+00 3.35000E+00 % total
];

MAT_fuel_salt_A = [
9.17497E+13 9.15168E+13 % U235
0.00000E+00 3.26276E+15 % Pu239
0.00000E+00 0.00000E+00 % Gd155
0.00000E+00 0.00000E+00 % Gd157
0.00000E+00 1.46157E+18 % I135
0.00000E+00 1.51344E+18 % Xe135
0.00000E+00 0.00000E+00 % lost data
3.66424E+14 1.63328E+20 % total
];

MAT_fuel_salt_H = [
6.78055E+01 6.76333E+01 % U235
0.00000E+00 2.73988E+03 % Pu239
0.00000E+00 0.00000E+00 % Gd155
0.00000E+00 0.00000E+00 % Gd157
0.00000E+00 4.55072E+05 % I135
0.00000E+00 1.36439E+05 % Xe135
0.00000E+00 0.00000E+00 % lost data
2.55950E+02 4.94640E+07 % total
];

MAT_fuel_salt_SF = [
6.60598E+03 6.58921E+03 % U235
0.00000E+00 1.01146E+04 % Pu239
0.00000E+00 0.00000E+00 % Gd155
0.00000E+00 0.00000E+00 % Gd157
0.00000E+00 0.00000E+00 % I135
0.00000E+00 0.00000E+00 % Xe135
0.00000E+00 0.00000E+00 % lost data
1.49972E+10 1.50081E+10 % total
];

MAT_fuel_salt_GSRC = [
1.11489E+14 1.11206E+14 % U235
0.00000E+00 1.43176E+14 % Pu239
0.00000E+00 0.00000E+00 % Gd155
0.00000E+00 0.00000E+00 % Gd157
0.00000E+00 1.94779E+18 % I135
0.00000E+00 1.50631E+18 % Xe135
0.00000E+00 0.00000E+00 % lost data
1.31460E+14 1.39067E+20 % total
];

MAT_fuel_salt_ING_TOX = [
4.31224E+06 4.30129E+06 % U235
0.00000E+00 8.15690E+08 % Pu239
0.00000E+00 0.00000E+00 % Gd155
0.00000E+00 0.00000E+00 % Gd157
0.00000E+00 1.35926E+09 % I135
0.00000E+00 0.00000E+00 % Xe135
0.00000E+00 0.00000E+00 % lost data
1.66726E+07 8.89346E+10 % total
];

MAT_fuel_salt_INH_TOX = [
7.79872E+08 7.77893E+08 % U235
0.00000E+00 3.91531E+11 % Pu239
0.00000E+00 0.00000E+00 % Gd155
0.00000E+00 0.00000E+00 % Gd157
0.00000E+00 4.67701E+08 % I135
0.00000E+00 0.00000E+00 % Xe135
0.00000E+00 0.00000E+00 % lost data
2.97727E+09 6.36276E+11 % total
];

TOT_VOLUME = [ 1.55290E+10 1.55290E+10 ];

TOT_BURNUP = [ 0.00000E+00 1.00076E-01 ];

TOT_ADENS = [
1.89370E-04 1.88889E-04 % U235
0.00000E+00 2.30631E-07 % Pu239
0.00000E+00 4.81699E-11 % Gd155
0.00000E+00 1.64245E-11 % Gd157
0.00000E+00 3.21157E-12 % I135
0.00000E+00 4.62643E-12 % Xe135
0.00000E+00 1.25633E-14 % lost data
7.95354E-02 7.95358E-02 % total
];

TOT_MASS = [
1.14778E+09 1.14487E+09 % U235
0.00000E+00 1.42170E+06 % Pu239
0.00000E+00 1.92438E+02 % Gd155
0.00000E+00 6.64630E+01 % Gd157
0.00000E+00 1.11727E+01 % I135
0.00000E+00 1.60946E+01 % Xe135
0.00000E+00 0.00000E+00 % lost data
5.20222E+10 5.20221E+10 % total
];

TOT_A = [
9.17497E+13 9.15168E+13 % U235
0.00000E+00 3.26276E+15 % Pu239
0.00000E+00 0.00000E+00 % Gd155
0.00000E+00 0.00000E+00 % Gd157
0.00000E+00 1.46157E+18 % I135
0.00000E+00 1.51344E+18 % Xe135
0.00000E+00 0.00000E+00 % lost data
3.66424E+14 1.63328E+20 % total
];

TOT_H = [
6.78055E+01 6.76333E+01 % U235
0.00000E+00 2.73988E+03 % Pu239
0.00000E+00 0.00000E+00 % Gd155
0.00000E+00 0.00000E+00 % Gd157
0.00000E+00 4.55072E+05 % I135
0.00000E+00 1.36439E+05 % Xe135
0.00000E+00 0.00000E+00 % lost data
2.55950E+02 4.94640E+07 % total
];

TOT_SF = [
6.60598E+03 6.58921E+03 % U235
0.00000E+00 1.01146E+04 % Pu239
0.00000E+00 0.00000E+00 % Gd155
0.00000E+00 0.00000E+00 % Gd157
0.00000E+00 0.00000E+00 % I135
0.00000E+00 0.00000E+00 % Xe135
0.00000E+00 0.00000E+00 % lost data
1.49972E+10 1.50081E+10 % total
];

TOT_GSRC = [
1.11489E+14 1.11206E+14 % U235
0.00000E+00 1.43176E+14 % Pu239
0.00000E+00 0.00000E+00 % Gd155
0.00000E+00 0.00000E+00 % Gd157
0.00000E+00 1.94779E+18 % I135
0.00000E+00 1.50631E+18 % Xe135
0.00000E+00 0.00000E+00 % lost data
1.31460E+14 1.39067E+20 % total
];

TOT_ING_TOX = [
4.31224E+06 4.30129E+06 % U235
0.00000E+00 8.15690E+08 % Pu239
0.00000E+00 0.00000E+00 % Gd155
0.00000E+00 0.00000E+00 % Gd157
0.00000E+00 1.35926E+09 % I135
0.00000E+00 0.00000E+00 % Xe135
0.00000E+00 0.00000E+00 % lost data
1.66726E+07 8.89346E+10 % total
];

TOT_INH_TOX = [
7.79872E+08 7.77893E+08 % U235
0.00000E+00 3.91531E+11 % Pu239
0.00000E+00 0.00000E+00 % Gd155
0.00000E+00 0.00000E+00 % Gd157
0.00000E+00 4.67701E+08 % I135
0.00000E+00 0.00000E+00 % Xe135
0.00000E+00 0.00000E+00 % lost data
2.97727E+09 6.36276E+11 % total
];

BU = [ 0.00000E+00 1.00000E-01 ];

DAYS = [ 0.00000E+00 3.09795E+03 ];
